SEQN,FSDHH
51624,3
51625,1
51626,1
51627,1
51628,4
51629,1
51630,1
51631,1
51632,1
51633,3
51634,3
51635,1
51636,4
51637,NA
51638,1
51639,3
51640,3
51641,1
51642,2
51643,2
51644,1
51645,2
51646,1
51647,1
51648,3
51649,3
51650,1
51651,4
51652,3
51653,1
51654,1
51655,1
51656,1
51657,4
51658,1
51659,1
51660,4
51661,3
51662,1
51663,2
51664,1
51665,1
51666,4
51667,1
51668,4
51669,2
51670,1
51671,2
51672,1
51673,1
51674,NA
51675,1
51676,1
51677,1
51678,1
51679,1
51680,4
51681,1
51682,1
51683,1
51684,2
51685,1
51686,3
51687,1
51688,1
51689,1
51690,1
51691,1
51692,1
51693,1
51694,2
51695,1
51696,2
51697,4
51698,1
51699,4
51700,3
51701,4
51702,1
51703,1
51704,3
51705,1
51706,3
51707,1
51708,4
51709,3
51710,1
51711,2
51712,1
51713,1
51714,1
51715,1
51716,3
51717,1
51718,1
51719,1
51720,1
51721,1
51722,1
51723,1
51724,1
51725,1
51726,1
51727,4
51728,1
51729,1
51730,3
51731,3
51732,1
51733,1
51734,1
51735,1
51736,2
51737,1
51738,4
51739,1
51740,4
51741,3
51742,1
51743,1
51744,1
51745,1
51746,3
51747,2
51748,4
51749,1
51750,3
51751,2
51752,3
51753,1
51754,1
51755,1
51756,1
51757,4
51758,1
51759,1
51760,3
51761,4
51762,1
51763,3
51764,1
51765,1
51766,1
51767,1
51768,1
51769,1
51770,1
51771,1
51772,1
51773,1
51774,1
51775,1
51776,3
51777,1
51778,1
51779,2
51780,1
51781,1
51782,1
51783,3
51784,2
51785,1
51786,1
51787,1
51788,1
51789,1
51790,1
51791,1
51792,2
51793,1
51794,3
51795,4
51796,1
51797,1
51798,3
51799,3
51800,2
51801,1
51802,3
51803,4
51804,1
51805,3
51806,3
51807,3
51808,3
51809,1
51810,1
51811,2
51812,1
51813,1
51814,2
51815,1
51816,3
51817,1
51818,1
51819,1
51820,1
51821,2
51822,1
51823,2
51824,1
51825,2
51826,1
51827,1
51828,1
51829,1
51830,1
51831,3
51832,1
51833,1
51834,2
51835,4
51836,1
51837,1
51838,1
51839,1
51840,1
51841,3
51842,3
51843,3
51844,1
51845,4
51846,1
51847,1
51848,3
51849,1
51850,1
51851,3
51852,1
51853,3
51854,1
51855,3
51856,1
51857,1
51858,2
51859,4
51860,3
51861,1
51862,1
51863,2
51864,1
51865,2
51866,1
51867,1
51868,1
51869,1
51870,1
51871,NA
51872,2
51873,2
51874,1
51875,1
51876,2
51877,1
51878,1
51879,1
51880,1
51881,1
51882,1
51883,2
51884,2
51885,1
51886,1
51887,1
51888,1
51889,1
51890,2
51891,1
51892,1
51893,1
51894,1
51895,1
51896,4
51897,3
51898,2
51899,3
51900,1
51901,1
51902,2
51903,3
51904,1
51905,4
51906,1
51907,1
51908,3
51909,1
51910,3
51911,1
51912,1
51913,1
51914,4
51915,2
51916,4
51917,3
51918,3
51919,1
51920,1
51921,3
51922,3
51923,1
51924,1
51925,1
51926,2
51927,1
51928,1
51929,1
51930,4
51931,2
51932,1
51933,1
51934,3
51935,1
51936,1
51937,1
51938,1
51939,1
51940,1
51941,1
51942,2
51943,1
51944,1
51945,4
51946,1
51947,4
51948,3
51949,3
51950,1
51951,1
51952,1
51953,1
51954,1
51955,3
51956,3
51957,2
51958,1
51959,2
51960,3
51961,1
51962,1
51963,1
51964,1
51965,1
51966,1
51967,1
51968,1
51969,1
51970,1
51971,1
51972,2
51973,1
51974,1
51975,2
51976,1
51977,1
51978,3
51979,2
51980,1
51981,3
51982,3
51983,1
51984,3
51985,1
51986,2
51987,4
51988,2
51989,4
51990,1
51991,3
51992,2
51993,1
51994,1
51995,2
51996,3
51997,1
51998,3
51999,2
52000,2
52001,1
52002,1
52003,1
52004,1
52005,4
52006,3
52007,1
52008,1
52009,1
52010,4
52011,1
52012,1
52013,1
52014,1
52015,2
52016,1
52017,1
52018,1
52019,1
52020,4
52021,1
52022,3
52023,1
52024,2
52025,3
52026,1
52027,2
52028,3
52029,1
52030,3
52031,1
52032,1
52033,1
52034,1
52035,2
52036,4
52037,1
52038,4
52039,3
52040,4
52041,1
52042,1
52043,1
52044,1
52045,1
52046,1
52047,2
52048,1
52049,1
52050,1
52051,2
52052,3
52053,2
52054,1
52055,1
52056,2
52057,1
52058,1
52059,1
52060,1
52061,3
52062,2
52063,1
52064,3
52065,1
52066,1
52067,1
52068,1
52069,1
52070,1
52071,2
52072,1
52073,1
52074,1
52075,3
52076,1
52077,4
52078,1
52079,3
52080,1
52081,1
52082,4
52083,1
52084,1
52085,1
52086,1
52087,4
52088,1
52089,4
52090,1
52091,3
52092,2
52093,3
52094,NA
52095,1
52096,1
52097,1
52098,4
52099,1
52100,1
52101,1
52102,1
52103,2
52104,1
52105,4
52106,4
52107,4
52108,2
52109,1
52110,1
52111,4
52112,1
52113,3
52114,1
52115,1
52116,3
52117,3
52118,3
52119,1
52120,4
52121,2
52122,1
52123,3
52124,2
52125,3
52126,2
52127,4
52128,1
52129,1
52130,4
52131,1
52132,4
52133,3
52134,1
52135,1
52136,1
52137,1
52138,1
52139,4
52140,3
52141,1
52142,1
52143,2
52144,3
52145,1
52146,1
52147,2
52148,1
52149,2
52150,2
52151,1
52152,1
52153,3
52154,3
52155,2
52156,1
52157,1
52158,1
52159,4
52160,1
52161,1
52162,1
52163,1
52164,1
52165,4
52166,1
52167,1
52168,1
52169,2
52170,1
52171,2
52172,1
52173,1
52174,1
52175,4
52176,4
52177,1
52178,2
52179,1
52180,2
52181,3
52182,2
52183,1
52184,2
52185,3
52186,1
52187,1
52188,1
52189,1
52190,4
52191,3
52192,1
52193,1
52194,1
52195,1
52196,1
52197,1
52198,3
52199,1
52200,1
52201,3
52202,1
52203,3
52204,2
52205,1
52206,2
52207,1
52208,1
52209,1
52210,1
52211,1
52212,1
52213,3
52214,1
52215,1
52216,1
52217,1
52218,1
52219,1
52220,1
52221,1
52222,1
52223,2
52224,NA
52225,3
52226,1
52227,1
52228,1
52229,1
52230,1
52231,1
52232,3
52233,1
52234,3
52235,4
52236,3
52237,1
52238,2
52239,1
52240,4
52241,1
52242,1
52243,1
52244,1
52245,1
52246,1
52247,1
52248,2
52249,3
52250,1
52251,1
52252,3
52253,1
52254,1
52255,1
52256,2
52257,2
52258,2
52259,4
52260,3
52261,2
52262,1
52263,1
52264,3
52265,1
52266,3
52267,1
52268,1
52269,1
52270,4
52271,1
52272,1
52273,1
52274,2
52275,3
52276,1
52277,1
52278,1
52279,1
52280,3
52281,3
52282,1
52283,4
52284,1
52285,4
52286,1
52287,1
52288,2
52289,1
52290,4
52291,1
52292,3
52293,1
52294,NA
52295,1
52296,1
52297,2
52298,NA
52299,2
52300,2
52301,2
52302,2
52303,1
52304,1
52305,1
52306,2
52307,1
52308,1
52309,2
52310,1
52311,NA
52312,1
52313,3
52314,4
52315,1
52316,1
52317,1
52318,3
52319,1
52320,1
52321,1
52322,4
52323,1
52324,1
52325,1
52326,1
52327,1
52328,2
52329,3
52330,1
52331,3
52332,1
52333,1
52334,1
52335,1
52336,1
52337,3
52338,3
52339,1
52340,1
52341,4
52342,1
52343,1
52344,3
52345,1
52346,2
52347,1
52348,1
52349,3
52350,1
52351,4
52352,3
52353,1
52354,1
52355,1
52356,1
52357,1
52358,4
52359,3
52360,1
52361,3
52362,1
52363,1
52364,4
52365,3
52366,1
52367,4
52368,1
52369,1
52370,1
52371,1
52372,1
52373,2
52374,4
52375,2
52376,1
52377,3
52378,1
52379,2
52380,3
52381,1
52382,2
52383,3
52384,4
52385,2
52386,1
52387,3
52388,3
52389,3
52390,3
52391,1
52392,3
52393,1
52394,3
52395,3
52396,1
52397,4
52398,3
52399,1
52400,1
52401,1
52402,1
52403,2
52404,2
52405,1
52406,1
52407,2
52408,1
52409,1
52410,1
52411,1
52412,1
52413,1
52414,1
52415,1
52416,3
52417,4
52418,1
52419,3
52420,1
52421,1
52422,3
52423,3
52424,4
52425,2
52426,2
52427,3
52428,1
52429,1
52430,2
52431,4
52432,2
52433,1
52434,1
52435,1
52436,1
52437,2
52438,1
52439,1
52440,3
52441,1
52442,1
52443,1
52444,1
52445,1
52446,1
52447,1
52448,1
52449,4
52450,1
52451,2
52452,3
52453,1
52454,1
52455,1
52456,1
52457,1
52458,2
52459,2
52460,1
52461,2
52462,1
52463,1
52464,1
52465,3
52466,1
52467,1
52468,1
52469,1
52470,1
52471,1
52472,1
52473,2
52474,4
52475,1
52476,2
52477,1
52478,3
52479,1
52480,4
52481,2
52482,2
52483,1
52484,1
52485,4
52486,1
52487,2
52488,1
52489,4
52490,1
52491,1
52492,1
52493,3
52494,1
52495,1
52496,3
52497,1
52498,1
52499,1
52500,1
52501,4
52502,2
52503,1
52504,1
52505,1
52506,1
52507,1
52508,1
52509,1
52510,3
52511,1
52512,1
52513,1
52514,3
52515,1
52516,1
52517,2
52518,1
52519,1
52520,1
52521,2
52522,3
52523,2
52524,1
52525,3
52526,1
52527,1
52528,2
52529,1
52530,1
52531,1
52532,1
52533,1
52534,1
52535,1
52536,1
52537,2
52538,1
52539,4
52540,4
52541,1
52542,1
52543,1
52544,1
52545,1
52546,1
52547,1
52548,3
52549,1
52550,1
52551,3
52552,3
52553,1
52554,1
52555,1
52556,1
52557,1
52558,1
52559,2
52560,1
52561,1
52562,1
52563,1
52564,2
52565,1
52566,1
52567,NA
52568,2
52569,3
52570,1
52571,1
52572,1
52573,1
52574,2
52575,1
52576,NA
52577,1
52578,1
52579,1
52580,1
52581,1
52582,1
52583,1
52584,1
52585,1
52586,1
52587,1
52588,3
52589,3
52590,1
52591,1
52592,1
52593,2
52594,1
52595,1
52596,2
52597,1
52598,1
52599,1
52600,1
52601,1
52602,1
52603,3
52604,4
52605,1
52606,1
52607,1
52608,3
52609,1
52610,3
52611,4
52612,1
52613,2
52614,3
52615,2
52616,2
52617,1
52618,1
52619,1
52620,1
52621,2
52622,2
52623,4
52624,4
52625,1
52626,1
52627,1
52628,2
52629,1
52630,3
52631,4
52632,2
52633,4
52634,1
52635,1
52636,1
52637,1
52638,1
52639,1
52640,1
52641,1
52642,NA
52643,1
52644,1
52645,1
52646,1
52647,1
52648,1
52649,1
52650,1
52651,2
52652,1
52653,1
52654,NA
52655,1
52656,1
52657,1
52658,1
52659,2
52660,1
52661,1
52662,4
52663,1
52664,1
52665,1
52666,2
52667,1
52668,1
52669,4
52670,2
52671,3
52672,2
52673,2
52674,1
52675,1
52676,3
52677,3
52678,1
52679,1
52680,3
52681,2
52682,1
52683,1
52684,4
52685,1
52686,1
52687,1
52688,1
52689,1
52690,1
52691,1
52692,2
52693,3
52694,3
52695,1
52696,3
52697,1
52698,3
52699,2
52700,1
52701,3
52702,1
52703,1
52704,4
52705,1
52706,3
52707,1
52708,1
52709,1
52710,3
52711,3
52712,1
52713,1
52714,3
52715,4
52716,1
52717,1
52718,1
52719,1
52720,2
52721,2
52722,1
52723,1
52724,3
52725,1
52726,4
52727,1
52728,1
52729,1
52730,1
52731,1
52732,1
52733,2
52734,3
52735,1
52736,2
52737,1
52738,1
52739,1
52740,1
52741,1
52742,1
52743,3
52744,4
52745,1
52746,NA
52747,1
52748,4
52749,1
52750,3
52751,1
52752,3
52753,1
52754,3
52755,1
52756,1
52757,1
52758,1
52759,2
52760,3
52761,1
52762,3
52763,1
52764,1
52765,1
52766,1
52767,1
52768,1
52769,1
52770,1
52771,4
52772,1
52773,1
52774,1
52775,1
52776,1
52777,1
52778,4
52779,3
52780,3
52781,1
52782,1
52783,2
52784,2
52785,1
52786,1
52787,1
52788,1
52789,1
52790,2
52791,1
52792,1
52793,1
52794,1
52795,3
52796,1
52797,1
52798,1
52799,3
52800,3
52801,3
52802,3
52803,1
52804,4
52805,1
52806,3
52807,1
52808,1
52809,2
52810,1
52811,1
52812,1
52813,1
52814,1
52815,1
52816,1
52817,3
52818,3
52819,3
52820,1
52821,3
52822,1
52823,3
52824,1
52825,2
52826,1
52827,1
52828,1
52829,1
52830,2
52831,2
52832,1
52833,3
52834,2
52835,2
52836,1
52837,2
52838,1
52839,1
52840,1
52841,1
52842,1
52843,1
52844,1
52845,1
52846,2
52847,1
52848,1
52849,2
52850,3
52851,3
52852,1
52853,1
52854,4
52855,1
52856,1
52857,1
52858,1
52859,3
52860,1
52861,2
52862,1
52863,1
52864,1
52865,1
52866,3
52867,2
52868,1
52869,1
52870,4
52871,1
52872,4
52873,2
52874,3
52875,1
52876,3
52877,1
52878,2
52879,1
52880,1
52881,1
52882,1
52883,2
52884,2
52885,2
52886,1
52887,1
52888,1
52889,1
52890,3
52891,2
52892,2
52893,1
52894,1
52895,1
52896,1
52897,1
52898,1
52899,1
52900,1
52901,1
52902,NA
52903,1
52904,1
52905,1
52906,NA
52907,2
52908,2
52909,1
52910,1
52911,4
52912,1
52913,1
52914,3
52915,1
52916,2
52917,1
52918,2
52919,1
52920,4
52921,NA
52922,2
52923,1
52924,1
52925,2
52926,4
52927,1
52928,1
52929,3
52930,1
52931,1
52932,1
52933,3
52934,4
52935,1
52936,1
52937,3
52938,1
52939,1
52940,1
52941,3
52942,1
52943,1
52944,1
52945,1
52946,3
52947,1
52948,1
52949,4
52950,3
52951,3
52952,4
52953,1
52954,1
52955,1
52956,1
52957,1
52958,1
52959,1
52960,1
52961,1
52962,1
52963,1
52964,1
52965,1
52966,1
52967,4
52968,1
52969,1
52970,1
52971,1
52972,1
52973,1
52974,1
52975,1
52976,3
52977,1
52978,1
52979,1
52980,1
52981,1
52982,3
52983,1
52984,3
52985,2
52986,1
52987,2
52988,1
52989,1
52990,1
52991,1
52992,1
52993,1
52994,3
52995,1
52996,1
52997,3
52998,1
52999,2
53000,2
53001,1
53002,1
53003,1
53004,1
53005,2
53006,1
53007,3
53008,1
53009,1
53010,4
53011,1
53012,1
53013,1
53014,1
53015,1
53016,2
53017,3
53018,2
53019,1
53020,2
53021,1
53022,1
53023,1
53024,1
53025,1
53026,1
53027,1
53028,2
53029,4
53030,3
53031,1
53032,1
53033,4
53034,1
53035,1
53036,1
53037,1
53038,1
53039,2
53040,1
53041,1
53042,1
53043,1
53044,1
53045,1
53046,3
53047,2
53048,3
53049,1
53050,3
53051,1
53052,1
53053,2
53054,1
53055,4
53056,1
53057,2
53058,1
53059,4
53060,3
53061,1
53062,1
53063,3
53064,1
53065,1
53066,1
53067,4
53068,1
53069,1
53070,1
53071,1
53072,1
53073,4
53074,1
53075,1
53076,1
53077,1
53078,1
53079,1
53080,2
53081,1
53082,1
53083,1
53084,4
53085,1
53086,3
53087,2
53088,1
53089,2
53090,1
53091,1
53092,3
53093,1
53094,1
53095,1
53096,NA
53097,1
53098,1
53099,NA
53100,1
53101,3
53102,1
53103,1
53104,1
53105,1
53106,1
53107,3
53108,1
53109,1
53110,2
53111,3
53112,3
53113,4
53114,3
53115,2
53116,4
53117,1
53118,4
53119,2
53120,1
53121,1
53122,1
53123,1
53124,2
53125,3
53126,2
53127,1
53128,3
53129,4
53130,1
53131,3
53132,2
53133,1
53134,1
53135,1
53136,1
53137,1
53138,2
53139,1
53140,3
53141,4
53142,NA
53143,1
53144,3
53145,1
53146,2
53147,1
53148,2
53149,1
53150,1
53151,1
53152,1
53153,1
53154,2
53155,1
53156,3
53157,1
53158,1
53159,2
53160,1
53161,1
53162,3
53163,1
53164,3
53165,1
53166,1
53167,1
53168,4
53169,1
53170,3
53171,2
53172,1
53173,2
53174,2
53175,1
53176,1
53177,1
53178,1
53179,1
53180,1
53181,1
53182,1
53183,1
53184,1
53185,2
53186,1
53187,1
53188,3
53189,1
53190,2
53191,1
53192,1
53193,1
53194,4
53195,1
53196,2
53197,4
53198,2
53199,NA
53200,1
53201,3
53202,1
53203,1
53204,1
53205,1
53206,1
53207,1
53208,1
53209,1
53210,3
53211,1
53212,1
53213,1
53214,1
53215,1
53216,1
53217,1
53218,1
53219,1
53220,1
53221,1
53222,1
53223,1
53224,1
53225,1
53226,1
53227,3
53228,2
53229,1
53230,3
53231,3
53232,3
53233,1
53234,1
53235,1
53236,4
53237,1
53238,1
53239,1
53240,1
53241,1
53242,NA
53243,1
53244,1
53245,3
53246,1
53247,NA
53248,1
53249,3
53250,3
53251,2
53252,3
53253,1
53254,1
53255,1
53256,2
53257,1
53258,1
53259,1
53260,1
53261,1
53262,1
53263,1
53264,3
53265,1
53266,3
53267,1
53268,1
53269,4
53270,1
53271,1
53272,1
53273,1
53274,3
53275,3
53276,2
53277,1
53278,1
53279,2
53280,1
53281,1
53282,3
53283,1
53284,1
53285,2
53286,1
53287,1
53288,1
53289,1
53290,2
53291,1
53292,3
53293,1
53294,3
53295,1
53296,3
53297,1
53298,3
53299,1
53300,3
53301,3
53302,1
53303,3
53304,4
53305,1
53306,3
53307,1
53308,1
53309,1
53310,2
53311,1
53312,2
53313,1
53314,4
53315,1
53316,2
53317,1
53318,2
53319,1
53320,4
53321,1
53322,1
53323,1
53324,1
53325,3
53326,1
53327,4
53328,3
53329,3
53330,1
53331,1
53332,1
53333,4
53334,4
53335,1
53336,1
53337,3
53338,3
53339,3
53340,1
53341,3
53342,1
53343,1
53344,1
53345,3
53346,1
53347,1
53348,4
53349,1
53350,1
53351,1
53352,1
53353,1
53354,4
53355,4
53356,1
53357,1
53358,4
53359,1
53360,1
53361,1
53362,1
53363,3
53364,1
53365,2
53366,1
53367,2
53368,1
53369,1
53370,3
53371,1
53372,1
53373,1
53374,4
53375,1
53376,1
53377,1
53378,2
53379,1
53380,1
53381,4
53382,1
53383,1
53384,2
53385,1
53386,1
53387,1
53388,2
53389,1
53390,3
53391,1
53392,2
53393,1
53394,1
53395,1
53396,1
53397,3
53398,2
53399,1
53400,1
53401,1
53402,1
53403,1
53404,1
53405,1
53406,1
53407,1
53408,3
53409,3
53410,1
53411,1
53412,3
53413,1
53414,1
53415,1
53416,1
53417,1
53418,1
53419,1
53420,1
53421,2
53422,3
53423,3
53424,1
53425,1
53426,3
53427,1
53428,1
53429,1
53430,1
53431,3
53432,2
53433,1
53434,1
53435,1
53436,1
53437,1
53438,1
53439,1
53440,1
53441,NA
53442,4
53443,1
53444,3
53445,3
53446,2
53447,1
53448,3
53449,1
53450,4
53451,1
53452,2
53453,1
53454,2
53455,2
53456,4
53457,3
53458,1
53459,1
53460,4
53461,1
53462,2
53463,2
53464,1
53465,4
53466,2
53467,NA
53468,4
53469,1
53470,4
53471,1
53472,2
53473,1
53474,4
53475,2
53476,1
53477,1
53478,1
53479,1
53480,1
53481,1
53482,1
53483,3
53484,1
53485,1
53486,1
53487,1
53488,1
53489,2
53490,1
53491,3
53492,3
53493,1
53494,1
53495,2
53496,1
53497,2
53498,1
53499,1
53500,1
53501,1
53502,1
53503,3
53504,1
53505,4
53506,3
53507,1
53508,1
53509,1
53510,1
53511,1
53512,3
53513,1
53514,3
53515,1
53516,1
53517,1
53518,1
53519,1
53520,1
53521,3
53522,1
53523,1
53524,1
53525,1
53526,1
53527,3
53528,1
53529,4
53530,1
53531,1
53532,1
53533,4
53534,1
53535,4
53536,2
53537,4
53538,1
53539,2
53540,1
53541,1
53542,1
53543,2
53544,1
53545,1
53546,1
53547,1
53548,3
53549,3
53550,1
53551,1
53552,1
53553,3
53554,3
53555,1
53556,1
53557,1
53558,3
53559,1
53560,3
53561,1
53562,3
53563,1
53564,1
53565,1
53566,1
53567,1
53568,3
53569,1
53570,2
53571,1
53572,1
53573,2
53574,1
53575,1
53576,3
53577,1
53578,1
53579,4
53580,1
53581,3
53582,4
53583,3
53584,2
53585,1
53586,1
53587,1
53588,3
53589,1
53590,1
53591,1
53592,1
53593,1
53594,1
53595,1
53596,3
53597,4
53598,1
53599,2
53600,3
53601,2
53602,1
53603,4
53604,1
53605,3
53606,3
53607,1
53608,1
53609,1
53610,1
53611,1
53612,1
53613,3
53614,3
53615,2
53616,1
53617,4
53618,2
53619,4
53620,3
53621,2
53622,1
53623,1
53624,3
53625,1
53626,1
53627,3
53628,3
53629,3
53630,1
53631,1
53632,3
53633,3
53634,1
53635,1
53636,2
53637,1
53638,1
53639,1
53640,1
53641,3
53642,2
53643,1
53644,2
53645,2
53646,1
53647,1
53648,1
53649,3
53650,1
53651,1
53652,4
53653,1
53654,3
53655,1
53656,1
53657,1
53658,4
53659,1
53660,4
53661,1
53662,1
53663,2
53664,1
53665,4
53666,1
53667,3
53668,1
53669,1
53670,2
53671,3
53672,1
53673,2
53674,3
53675,1
53676,1
53677,1
53678,NA
53679,3
53680,3
53681,2
53682,1
53683,1
53684,3
53685,3
53686,4
53687,1
53688,1
53689,1
53690,4
53691,1
53692,1
53693,1
53694,1
53695,1
53696,2
53697,1
53698,4
53699,1
53700,3
53701,1
53702,1
53703,2
53704,1
53705,1
53706,1
53707,4
53708,3
53709,1
53710,3
53711,1
53712,2
53713,1
53714,1
53715,1
53716,2
53717,1
53718,1
53719,1
53720,2
53721,1
53722,3
53723,1
53724,2
53725,1
53726,2
53727,1
53728,1
53729,2
53730,2
53731,1
53732,1
53733,2
53734,1
53735,2
53736,1
53737,3
53738,2
53739,1
53740,1
53741,1
53742,1
53743,1
53744,4
53745,3
53746,1
53747,1
53748,3
53749,4
53750,1
53751,3
53752,3
53753,1
53754,1
53755,1
53756,1
53757,3
53758,3
53759,1
53760,3
53761,3
53762,2
53763,2
53764,1
53765,3
53766,1
53767,2
53768,1
53769,1
53770,2
53771,1
53772,2
53773,4
53774,1
53775,1
53776,3
53777,1
53778,3
53779,2
53780,1
53781,1
53782,1
53783,2
53784,1
53785,1
53786,2
53787,3
53788,1
53789,2
53790,1
53791,1
53792,3
53793,1
53794,1
53795,1
53796,1
53797,1
53798,1
53799,1
53800,1
53801,1
53802,1
53803,1
53804,1
53805,3
53806,1
53807,1
53808,1
53809,1
53810,1
53811,1
53812,1
53813,1
53814,3
53815,2
53816,1
53817,1
53818,1
53819,2
53820,1
53821,1
53822,3
53823,1
53824,3
53825,2
53826,4
53827,1
53828,3
53829,3
53830,1
53831,4
53832,1
53833,1
53834,1
53835,2
53836,3
53837,NA
53838,2
53839,4
53840,3
53841,1
53842,1
53843,2
53844,4
53845,3
53846,1
53847,1
53848,1
53849,1
53850,1
53851,1
53852,1
53853,1
53854,3
53855,1
53856,1
53857,1
53858,1
53859,1
53860,1
53861,1
53862,1
53863,1
53864,1
53865,3
53866,1
53867,1
53868,1
53869,3
53870,1
53871,1
53872,1
53873,1
53874,1
53875,1
53876,1
53877,1
53878,1
53879,1
53880,1
53881,1
53882,1
53883,1
53884,1
53885,1
53886,4
53887,3
53888,2
53889,1
53890,3
53891,1
53892,1
53893,3
53894,2
53895,2
53896,1
53897,1
53898,1
53899,1
53900,1
53901,4
53902,1
53903,4
53904,2
53905,4
53906,1
53907,1
53908,1
53909,3
53910,2
53911,1
53912,1
53913,1
53914,1
53915,1
53916,1
53917,1
53918,2
53919,2
53920,2
53921,3
53922,1
53923,3
53924,4
53925,1
53926,1
53927,2
53928,1
53929,1
53930,1
53931,1
53932,1
53933,1
53934,1
53935,1
53936,1
53937,1
53938,2
53939,1
53940,1
53941,1
53942,3
53943,4
53944,1
53945,1
53946,2
53947,1
53948,2
53949,2
53950,1
53951,1
53952,2
53953,2
53954,1
53955,2
53956,1
53957,2
53958,1
53959,1
53960,NA
53961,1
53962,4
53963,2
53964,2
53965,1
53966,3
53967,2
53968,1
53969,1
53970,1
53971,3
53972,1
53973,2
53974,1
53975,1
53976,1
53977,1
53978,1
53979,1
53980,1
53981,3
53982,1
53983,1
53984,1
53985,1
53986,1
53987,1
53988,1
53989,1
53990,3
53991,1
53992,1
53993,3
53994,1
53995,3
53996,1
53997,3
53998,1
53999,1
54000,1
54001,2
54002,4
54003,3
54004,2
54005,4
54006,3
54007,1
54008,1
54009,1
54010,1
54011,1
54012,3
54013,1
54014,2
54015,2
54016,3
54017,1
54018,4
54019,2
54020,1
54021,1
54022,1
54023,1
54024,1
54025,3
54026,1
54027,1
54028,1
54029,1
54030,3
54031,1
54032,3
54033,2
54034,1
54035,1
54036,1
54037,3
54038,1
54039,1
54040,3
54041,1
54042,1
54043,1
54044,1
54045,1
54046,1
54047,1
54048,1
54049,1
54050,1
54051,1
54052,1
54053,1
54054,1
54055,1
54056,4
54057,1
54058,1
54059,3
54060,4
54061,1
54062,1
54063,1
54064,3
54065,1
54066,1
54067,1
54068,1
54069,4
54070,1
54071,2
54072,3
54073,1
54074,4
54075,1
54076,1
54077,1
54078,1
54079,1
54080,1
54081,1
54082,3
54083,1
54084,3
54085,1
54086,4
54087,1
54088,1
54089,1
54090,1
54091,1
54092,1
54093,4
54094,1
54095,4
54096,1
54097,3
54098,1
54099,2
54100,1
54101,1
54102,2
54103,1
54104,1
54105,1
54106,1
54107,1
54108,1
54109,1
54110,1
54111,1
54112,1
54113,1
54114,1
54115,1
54116,4
54117,3
54118,1
54119,1
54120,3
54121,4
54122,1
54123,4
54124,2
54125,1
54126,2
54127,2
54128,1
54129,1
54130,1
54131,1
54132,3
54133,4
54134,2
54135,1
54136,1
54137,1
54138,1
54139,1
54140,1
54141,3
54142,1
54143,1
54144,2
54145,1
54146,1
54147,1
54148,1
54149,1
54150,1
54151,1
54152,3
54153,1
54154,1
54155,3
54156,2
54157,1
54158,2
54159,1
54160,3
54161,4
54162,1
54163,3
54164,3
54165,1
54166,1
54167,1
54168,4
54169,1
54170,1
54171,1
54172,2
54173,1
54174,1
54175,1
54176,1
54177,3
54178,1
54179,1
54180,1
54181,3
54182,1
54183,1
54184,1
54185,3
54186,1
54187,2
54188,3
54189,4
54190,3
54191,3
54192,1
54193,1
54194,1
54195,1
54196,1
54197,1
54198,1
54199,1
54200,2
54201,2
54202,1
54203,3
54204,3
54205,1
54206,1
54207,1
54208,2
54209,1
54210,1
54211,1
54212,1
54213,1
54214,1
54215,1
54216,1
54217,1
54218,1
54219,1
54220,1
54221,1
54222,1
54223,1
54224,1
54225,1
54226,1
54227,1
54228,1
54229,1
54230,2
54231,1
54232,1
54233,1
54234,1
54235,1
54236,1
54237,2
54238,1
54239,1
54240,1
54241,3
54242,1
54243,4
54244,2
54245,1
54246,4
54247,NA
54248,4
54249,2
54250,1
54251,3
54252,1
54253,1
54254,2
54255,1
54256,4
54257,4
54258,2
54259,1
54260,1
54261,3
54262,3
54263,1
54264,3
54265,4
54266,1
54267,1
54268,2
54269,1
54270,1
54271,3
54272,4
54273,2
54274,1
54275,3
54276,3
54277,2
54278,1
54279,1
54280,3
54281,1
54282,3
54283,1
54284,3
54285,1
54286,1
54287,1
54288,NA
54289,1
54290,3
54291,1
54292,1
54293,1
54294,2
54295,1
54296,1
54297,4
54298,1
54299,3
54300,1
54301,1
54302,3
54303,3
54304,1
54305,1
54306,1
54307,1
54308,2
54309,1
54310,1
54311,1
54312,4
54313,1
54314,2
54315,2
54316,2
54317,1
54318,1
54319,1
54320,1
54321,2
54322,3
54323,1
54324,NA
54325,1
54326,2
54327,2
54328,1
54329,4
54330,2
54331,2
54332,1
54333,1
54334,1
54335,1
54336,2
54337,4
54338,4
54339,1
54340,1
54341,1
54342,1
54343,1
54344,1
54345,2
54346,1
54347,1
54348,1
54349,3
54350,1
54351,1
54352,1
54353,1
54354,1
54355,1
54356,1
54357,1
54358,1
54359,3
54360,1
54361,1
54362,1
54363,1
54364,3
54365,1
54366,4
54367,1
54368,1
54369,3
54370,1
54371,1
54372,1
54373,1
54374,2
54375,1
54376,3
54377,1
54378,1
54379,3
54380,1
54381,4
54382,1
54383,1
54384,1
54385,1
54386,1
54387,2
54388,1
54389,1
54390,1
54391,1
54392,1
54393,3
54394,3
54395,1
54396,1
54397,3
54398,1
54399,1
54400,1
54401,4
54402,3
54403,4
54404,1
54405,1
54406,2
54407,1
54408,1
54409,2
54410,2
54411,1
54412,1
54413,1
54414,1
54415,3
54416,2
54417,1
54418,4
54419,1
54420,4
54421,4
54422,3
54423,3
54424,1
54425,1
54426,1
54427,1
54428,2
54429,1
54430,1
54431,NA
54432,1
54433,1
54434,4
54435,1
54436,NA
54437,1
54438,1
54439,2
54440,2
54441,4
54442,1
54443,1
54444,1
54445,1
54446,1
54447,NA
54448,3
54449,4
54450,4
54451,2
54452,1
54453,1
54454,1
54455,3
54456,1
54457,1
54458,4
54459,1
54460,4
54461,2
54462,1
54463,1
54464,NA
54465,1
54466,3
54467,1
54468,3
54469,3
54470,1
54471,3
54472,3
54473,2
54474,1
54475,3
54476,1
54477,2
54478,1
54479,3
54480,2
54481,1
54482,2
54483,1
54484,1
54485,2
54486,1
54487,1
54488,1
54489,1
54490,4
54491,1
54492,1
54493,3
54494,1
54495,1
54496,1
54497,1
54498,1
54499,1
54500,4
54501,4
54502,2
54503,1
54504,1
54505,3
54506,3
54507,2
54508,1
54509,1
54510,4
54511,1
54512,1
54513,2
54514,1
54515,1
54516,1
54517,3
54518,3
54519,1
54520,2
54521,2
54522,3
54523,1
54524,1
54525,2
54526,1
54527,3
54528,4
54529,1
54530,3
54531,1
54532,1
54533,1
54534,2
54535,3
54536,1
54537,2
54538,3
54539,1
54540,1
54541,3
54542,1
54543,1
54544,1
54545,1
54546,1
54547,2
54548,2
54549,1
54550,1
54551,4
54552,1
54553,1
54554,1
54555,1
54556,1
54557,3
54558,2
54559,1
54560,1
54561,1
54562,3
54563,1
54564,1
54565,1
54566,3
54567,4
54568,1
54569,2
54570,2
54571,3
54572,1
54573,1
54574,1
54575,1
54576,1
54577,1
54578,3
54579,1
54580,1
54581,2
54582,4
54583,1
54584,1
54585,1
54586,1
54587,1
54588,1
54589,1
54590,1
54591,1
54592,2
54593,3
54594,1
54595,1
54596,1
54597,4
54598,1
54599,1
54600,3
54601,1
54602,1
54603,3
54604,2
54605,1
54606,3
54607,1
54608,4
54609,3
54610,1
54611,1
54612,4
54613,1
54614,4
54615,1
54616,4
54617,1
54618,1
54619,2
54620,1
54621,1
54622,1
54623,1
54624,1
54625,1
54626,1
54627,1
54628,1
54629,1
54630,2
54631,1
54632,1
54633,1
54634,1
54635,1
54636,1
54637,1
54638,1
54639,2
54640,4
54641,1
54642,2
54643,1
54644,1
54645,1
54646,1
54647,4
54648,1
54649,3
54650,1
54651,1
54652,1
54653,1
54654,1
54655,1
54656,3
54657,3
54658,1
54659,1
54660,1
54661,1
54662,2
54663,3
54664,1
54665,1
54666,1
54667,4
54668,1
54669,1
54670,1
54671,1
54672,1
54673,1
54674,1
54675,1
54676,1
54677,1
54678,4
54679,1
54680,1
54681,1
54682,1
54683,1
54684,1
54685,1
54686,1
54687,1
54688,1
54689,4
54690,1
54691,1
54692,4
54693,2
54694,3
54695,1
54696,3
54697,1
54698,1
54699,1
54700,2
54701,1
54702,3
54703,1
54704,1
54705,NA
54706,3
54707,1
54708,1
54709,1
54710,1
54711,2
54712,3
54713,1
54714,1
54715,1
54716,3
54717,3
54718,1
54719,3
54720,1
54721,1
54722,1
54723,3
54724,1
54725,1
54726,2
54727,1
54728,1
54729,2
54730,1
54731,1
54732,4
54733,1
54734,1
54735,1
54736,2
54737,3
54738,1
54739,4
54740,1
54741,1
54742,1
54743,1
54744,1
54745,1
54746,1
54747,2
54748,2
54749,3
54750,1
54751,3
54752,1
54753,3
54754,1
54755,1
54756,3
54757,2
54758,1
54759,4
54760,1
54761,2
54762,1
54763,1
54764,1
54765,3
54766,2
54767,3
54768,1
54769,1
54770,1
54771,2
54772,1
54773,1
54774,1
54775,1
54776,1
54777,1
54778,3
54779,1
54780,1
54781,1
54782,1
54783,1
54784,1
54785,1
54786,NA
54787,3
54788,2
54789,2
54790,3
54791,4
54792,1
54793,3
54794,1
54795,4
54796,1
54797,1
54798,1
54799,1
54800,1
54801,1
54802,1
54803,1
54804,1
54805,2
54806,1
54807,1
54808,1
54809,3
54810,3
54811,3
54812,2
54813,3
54814,3
54815,2
54816,2
54817,2
54818,2
54819,1
54820,2
54821,1
54822,1
54823,1
54824,1
54825,1
54826,1
54827,1
54828,3
54829,1
54830,1
54831,1
54832,3
54833,1
54834,3
54835,1
54836,3
54837,2
54838,1
54839,1
54840,1
54841,3
54842,4
54843,1
54844,1
54845,2
54846,3
54847,1
54848,2
54849,1
54850,2
54851,1
54852,3
54853,1
54854,1
54855,4
54856,1
54857,4
54858,2
54859,NA
54860,1
54861,1
54862,1
54863,1
54864,3
54865,1
54866,1
54867,1
54868,1
54869,1
54870,1
54871,1
54872,1
54873,1
54874,1
54875,2
54876,3
54877,3
54878,1
54879,4
54880,3
54881,1
54882,1
54883,2
54884,2
54885,1
54886,1
54887,4
54888,4
54889,1
54890,4
54891,4
54892,1
54893,4
54894,1
54895,3
54896,1
54897,1
54898,1
54899,3
54900,4
54901,1
54902,1
54903,1
54904,1
54905,2
54906,1
54907,1
54908,1
54909,1
54910,1
54911,2
54912,3
54913,3
54914,1
54915,3
54916,1
54917,3
54918,4
54919,2
54920,1
54921,1
54922,1
54923,1
54924,2
54925,1
54926,1
54927,1
54928,3
54929,1
54930,1
54931,1
54932,4
54933,1
54934,1
54935,1
54936,1
54937,1
54938,1
54939,1
54940,2
54941,1
54942,1
54943,1
54944,1
54945,1
54946,2
54947,1
54948,1
54949,1
54950,1
54951,2
54952,1
54953,3
54954,1
54955,2
54956,3
54957,1
54958,1
54959,1
54960,3
54961,1
54962,1
54963,1
54964,1
54965,1
54966,1
54967,1
54968,1
54969,2
54970,2
54971,3
54972,1
54973,4
54974,1
54975,1
54976,3
54977,1
54978,2
54979,1
54980,1
54981,1
54982,1
54983,1
54984,1
54985,1
54986,1
54987,4
54988,3
54989,1
54990,1
54991,2
54992,1
54993,4
54994,1
54995,3
54996,1
54997,1
54998,1
54999,4
55000,3
55001,4
55002,1
55003,4
55004,4
55005,1
55006,1
55007,3
55008,1
55009,3
55010,1
55011,1
55012,2
55013,4
55014,3
55015,1
55016,4
55017,4
55018,1
55019,1
55020,1
55021,1
55022,3
55023,1
55024,1
55025,1
55026,1
55027,1
55028,4
55029,1
55030,1
55031,1
55032,1
55033,1
55034,1
55035,1
55036,1
55037,1
55038,3
55039,1
55040,1
55041,4
55042,1
55043,1
55044,1
55045,1
55046,1
55047,1
55048,3
55049,1
55050,3
55051,1
55052,4
55053,1
55054,3
55055,3
55056,1
55057,1
55058,1
55059,1
55060,1
55061,2
55062,1
55063,3
55064,1
55065,3
55066,1
55067,1
55068,2
55069,1
55070,1
55071,1
55072,2
55073,2
55074,1
55075,1
55076,1
55077,1
55078,3
55079,1
55080,1
55081,1
55082,1
55083,1
55084,1
55085,1
55086,1
55087,2
55088,1
55089,4
55090,1
55091,1
55092,4
55093,2
55094,1
55095,1
55096,1
55097,1
55098,4
55099,4
55100,NA
55101,1
55102,1
55103,2
55104,4
55105,1
55106,3
55107,NA
55108,1
55109,2
55110,1
55111,2
55112,2
55113,3
55114,3
55115,3
55116,1
55117,3
55118,1
55119,1
55120,3
55121,1
55122,1
55123,3
55124,2
55125,3
55126,3
55127,1
55128,2
55129,3
55130,3
55131,1
55132,1
55133,4
55134,1
55135,1
55136,3
55137,2
55138,1
55139,1
55140,4
55141,1
55142,2
55143,1
55144,1
55145,NA
55146,1
55147,2
55148,1
55149,1
55150,2
55151,1
55152,1
55153,2
55154,1
55155,4
55156,3
55157,1
55158,1
55159,3
55160,1
55161,1
55162,1
55163,1
55164,1
55165,4
55166,1
55167,3
55168,3
55169,1
55170,1
55171,3
55172,4
55173,3
55174,1
55175,1
55176,1
55177,4
55178,1
55179,1
55180,1
55181,4
55182,1
55183,4
55184,3
55185,1
55186,1
55187,1
55188,1
55189,1
55190,4
55191,1
55192,2
55193,2
55194,1
55195,3
55196,1
55197,1
55198,1
55199,1
55200,3
55201,1
55202,1
55203,1
55204,3
55205,3
55206,1
55207,1
55208,2
55209,1
55210,3
55211,1
55212,1
55213,1
55214,1
55215,1
55216,4
55217,4
55218,1
55219,1
55220,1
55221,1
55222,1
55223,3
55224,1
55225,1
55226,3
55227,1
55228,1
55229,4
55230,2
55231,1
55232,1
55233,1
55234,1
55235,4
55236,3
55237,3
55238,3
55239,3
55240,3
55241,1
55242,1
55243,2
55244,1
55245,2
55246,1
55247,1
55248,1
55249,1
55250,1
55251,1
55252,1
55253,1
55254,1
55255,3
55256,1
55257,1
55258,2
55259,1
55260,1
55261,1
55262,1
55263,4
55264,3
55265,1
55266,1
55267,1
55268,1
55269,1
55270,1
55271,4
55272,1
55273,2
55274,1
55275,1
55276,1
55277,1
55278,3
55279,1
55280,1
55281,1
55282,1
55283,1
55284,4
55285,2
55286,1
55287,2
55288,1
55289,2
55290,1
55291,2
55292,1
55293,1
55294,1
55295,1
55296,1
55297,1
55298,4
55299,4
55300,1
55301,1
55302,3
55303,1
55304,2
55305,1
55306,3
55307,1
55308,2
55309,1
55310,1
55311,2
55312,1
55313,1
55314,3
55315,1
55316,1
55317,2
55318,3
55319,1
55320,4
55321,2
55322,1
55323,1
55324,1
55325,1
55326,3
55327,1
55328,1
55329,1
55330,2
55331,1
55332,2
55333,4
55334,1
55335,3
55336,4
55337,3
55338,2
55339,1
55340,1
55341,2
55342,1
55343,1
55344,1
55345,4
55346,1
55347,1
55348,3
55349,1
55350,3
55351,1
55352,2
55353,1
55354,2
55355,3
55356,1
55357,1
55358,2
55359,3
55360,1
55361,1
55362,2
55363,1
55364,1
55365,3
55366,1
55367,1
55368,3
55369,1
55370,1
55371,4
55372,3
55373,3
55374,1
55375,3
55376,3
55377,1
55378,1
55379,1
55380,1
55381,1
55382,3
55383,3
55384,1
55385,2
55386,4
55387,1
55388,1
55389,1
55390,1
55391,1
55392,4
55393,1
55394,1
55395,1
55396,3
55397,1
55398,1
55399,2
55400,2
55401,1
55402,2
55403,1
55404,1
55405,3
55406,1
55407,1
55408,1
55409,3
55410,1
55411,1
55412,1
55413,1
55414,NA
55415,1
55416,1
55417,2
55418,2
55419,1
55420,1
55421,3
55422,1
55423,3
55424,1
55425,1
55426,2
55427,1
55428,1
55429,1
55430,1
55431,2
55432,1
55433,2
55434,1
55435,1
55436,1
55437,4
55438,1
55439,1
55440,3
55441,2
55442,NA
55443,1
55444,1
55445,2
55446,3
55447,1
55448,4
55449,NA
55450,4
55451,3
55452,3
55453,1
55454,3
55455,1
55456,2
55457,1
55458,1
55459,NA
55460,2
55461,1
55462,1
55463,1
55464,4
55465,1
55466,1
55467,1
55468,4
55469,1
55470,1
55471,1
55472,1
55473,1
55474,1
55475,3
55476,1
55477,1
55478,1
55479,4
55480,3
55481,1
55482,4
55483,1
55484,1
55485,1
55486,3
55487,1
55488,1
55489,3
55490,3
55491,1
55492,3
55493,3
55494,1
55495,1
55496,1
55497,1
55498,2
55499,2
55500,4
55501,2
55502,1
55503,1
55504,4
55505,3
55506,1
55507,1
55508,1
55509,1
55510,1
55511,1
55512,1
55513,4
55514,1
55515,1
55516,1
55517,3
55518,1
55519,3
55520,1
55521,3
55522,1
55523,1
55524,1
55525,3
55526,1
55527,1
55528,2
55529,1
55530,1
55531,2
55532,3
55533,1
55534,1
55535,1
55536,3
55537,1
55538,2
55539,4
55540,1
55541,1
55542,1
55543,2
55544,1
55545,1
55546,1
55547,1
55548,1
55549,2
55550,2
55551,1
55552,1
55553,3
55554,2
55555,1
55556,1
55557,3
55558,1
55559,4
55560,1
55561,2
55562,1
55563,1
55564,4
55565,1
55566,1
55567,1
55568,1
55569,1
55570,1
55571,2
55572,1
55573,1
55574,4
55575,4
55576,1
55577,2
55578,1
55579,1
55580,2
55581,1
55582,4
55583,1
55584,1
55585,3
55586,3
55587,2
55588,1
55589,3
55590,1
55591,3
55592,1
55593,1
55594,1
55595,1
55596,1
55597,1
55598,1
55599,4
55600,1
55601,1
55602,1
55603,1
55604,2
55605,1
55606,1
55607,2
55608,1
55609,4
55610,2
55611,1
55612,2
55613,1
55614,1
55615,1
55616,3
55617,1
55618,1
55619,1
55620,1
55621,1
55622,4
55623,3
55624,1
55625,3
55626,1
55627,1
55628,1
55629,1
55630,1
55631,1
55632,1
55633,1
55634,1
55635,1
55636,2
55637,1
55638,1
55639,1
55640,1
55641,4
55642,1
55643,1
55644,2
55645,4
55646,3
55647,1
55648,2
55649,2
55650,1
55651,1
55652,1
55653,1
55654,1
55655,1
55656,1
55657,1
55658,1
55659,1
55660,3
55661,1
55662,1
55663,3
55664,1
55665,1
55666,4
55667,1
55668,NA
55669,2
55670,1
55671,2
55672,2
55673,1
55674,1
55675,NA
55676,1
55677,1
55678,3
55679,1
55680,3
55681,3
55682,1
55683,3
55684,1
55685,1
55686,1
55687,1
55688,1
55689,1
55690,3
55691,3
55692,1
55693,1
55694,1
55695,3
55696,1
55697,3
55698,3
55699,2
55700,1
55701,1
55702,1
55703,3
55704,1
55705,1
55706,1
55707,1
55708,NA
55709,1
55710,1
55711,2
55712,3
55713,1
55714,3
55715,1
55716,NA
55717,1
55718,3
55719,4
55720,3
55721,1
55722,1
55723,1
55724,3
55725,1
55726,1
55727,1
55728,1
55729,2
55730,1
55731,2
55732,3
55733,3
55734,1
55735,1
55736,1
55737,1
55738,2
55739,1
55740,2
55741,NA
55742,3
55743,4
55744,1
55745,4
55746,2
55747,2
55748,3
55749,1
55750,1
55751,3
55752,3
55753,1
55754,4
55755,1
55756,1
55757,2
55758,1
55759,2
55760,3
55761,1
55762,3
55763,1
55764,1
55765,4
55766,1
55767,2
55768,2
55769,1
55770,1
55771,1
55772,2
55773,1
55774,1
55775,1
55776,4
55777,4
55778,3
55779,2
55780,2
55781,1
55782,1
55783,1
55784,1
55785,1
55786,1
55787,1
55788,1
55789,1
55790,1
55791,3
55792,4
55793,1
55794,4
55795,3
55796,1
55797,1
55798,1
55799,1
55800,2
55801,1
55802,2
55803,4
55804,4
55805,1
55806,1
55807,1
55808,1
55809,1
55810,2
55811,1
55812,1
55813,3
55814,1
55815,1
55816,2
55817,1
55818,2
55819,3
55820,3
55821,1
55822,2
55823,1
55824,1
55825,1
55826,3
55827,2
55828,3
55829,1
55830,1
55831,2
55832,1
55833,1
55834,1
55835,1
55836,1
55837,1
55838,1
55839,1
55840,1
55841,3
55842,1
55843,2
55844,1
55845,1
55846,1
55847,1
55848,1
55849,1
55850,1
55851,1
55852,1
55853,4
55854,4
55855,1
55856,3
55857,1
55858,1
55859,3
55860,1
55861,NA
55862,1
55863,1
55864,1
55865,1
55866,2
55867,1
55868,3
55869,3
55870,4
55871,1
55872,1
55873,1
55874,1
55875,1
55876,2
55877,1
55878,1
55879,1
55880,2
55881,3
55882,1
55883,3
55884,1
55885,1
55886,1
55887,1
55888,4
55889,2
55890,4
55891,1
55892,1
55893,4
55894,1
55895,3
55896,2
55897,2
55898,1
55899,1
55900,1
55901,1
55902,1
55903,1
55904,1
55905,3
55906,3
55907,2
55908,1
55909,4
55910,1
55911,2
55912,1
55913,1
55914,1
55915,2
55916,1
55917,1
55918,1
55919,1
55920,2
55921,1
55922,1
55923,1
55924,1
55925,1
55926,1
55927,3
55928,4
55929,3
55930,1
55931,1
55932,1
55933,1
55934,1
55935,1
55936,2
55937,3
55938,1
55939,1
55940,1
55941,1
55942,1
55943,1
55944,1
55945,1
55946,1
55947,3
55948,1
55949,1
55950,2
55951,3
55952,4
55953,1
55954,1
55955,1
55956,1
55957,3
55958,2
55959,3
55960,1
55961,1
55962,2
55963,1
55964,1
55965,2
55966,1
55967,2
55968,1
55969,1
55970,1
55971,1
55972,1
55973,1
55974,2
55975,1
55976,3
55977,1
55978,NA
55979,1
55980,1
55981,2
55982,1
55983,2
55984,1
55985,1
55986,1
55987,1
55988,1
55989,1
55990,1
55991,3
55992,1
55993,1
55994,4
55995,4
55996,4
55997,1
55998,1
55999,3
56000,1
56001,2
56002,3
56003,3
56004,4
56005,1
56006,1
56007,1
56008,1
56009,4
56010,1
56011,1
56012,4
56013,1
56014,1
56015,4
56016,1
56017,4
56018,1
56019,2
56020,1
56021,2
56022,1
56023,1
56024,2
56025,1
56026,1
56027,3
56028,2
56029,1
56030,1
56031,2
56032,1
56033,3
56034,1
56035,2
56036,1
56037,1
56038,1
56039,2
56040,1
56041,2
56042,1
56043,1
56044,1
56045,1
56046,3
56047,1
56048,1
56049,2
56050,1
56051,1
56052,1
56053,1
56054,1
56055,2
56056,1
56057,1
56058,1
56059,2
56060,1
56061,2
56062,4
56063,3
56064,1
56065,1
56066,1
56067,1
56068,1
56069,1
56070,1
56071,1
56072,1
56073,4
56074,1
56075,1
56076,1
56077,4
56078,3
56079,1
56080,3
56081,3
56082,4
56083,3
56084,1
56085,4
56086,1
56087,1
56088,1
56089,1
56090,3
56091,1
56092,1
56093,3
56094,NA
56095,3
56096,1
56097,1
56098,1
56099,1
56100,1
56101,3
56102,1
56103,3
56104,1
56105,1
56106,1
56107,1
56108,1
56109,1
56110,1
56111,1
56112,1
56113,1
56114,1
56115,3
56116,1
56117,3
56118,2
56119,1
56120,1
56121,1
56122,1
56123,1
56124,NA
56125,1
56126,1
56127,2
56128,1
56129,2
56130,1
56131,2
56132,1
56133,1
56134,3
56135,1
56136,3
56137,1
56138,3
56139,1
56140,1
56141,1
56142,1
56143,1
56144,1
56145,2
56146,4
56147,1
56148,2
56149,1
56150,1
56151,3
56152,1
56153,1
56154,4
56155,1
56156,1
56157,1
56158,1
56159,1
56160,1
56161,1
56162,1
56163,1
56164,3
56165,1
56166,2
56167,3
56168,1
56169,4
56170,1
56171,1
56172,1
56173,1
56174,3
56175,1
56176,2
56177,1
56178,1
56179,1
56180,1
56181,NA
56182,1
56183,1
56184,1
56185,2
56186,4
56187,1
56188,1
56189,3
56190,4
56191,1
56192,4
56193,1
56194,4
56195,1
56196,1
56197,1
56198,1
56199,1
56200,3
56201,1
56202,3
56203,1
56204,3
56205,4
56206,3
56207,1
56208,1
56209,3
56210,3
56211,3
56212,1
56213,1
56214,1
56215,4
56216,1
56217,1
56218,1
56219,1
56220,2
56221,1
56222,1
56223,1
56224,2
56225,1
56226,1
56227,3
56228,2
56229,4
56230,1
56231,1
56232,3
56233,1
56234,1
56235,1
56236,2
56237,2
56238,1
56239,1
56240,2
56241,1
56242,NA
56243,1
56244,2
56245,4
56246,1
56247,3
56248,4
56249,2
56250,2
56251,1
56252,4
56253,1
56254,1
56255,1
56256,3
56257,1
56258,1
56259,1
56260,4
56261,1
56262,1
56263,4
56264,4
56265,1
56266,4
56267,1
56268,1
56269,1
56270,3
56271,4
56272,2
56273,1
56274,1
56275,1
56276,1
56277,1
56278,4
56279,1
56280,1
56281,3
56282,1
56283,1
56284,1
56285,3
56286,1
56287,3
56288,2
56289,3
56290,2
56291,1
56292,1
56293,2
56294,1
56295,1
56296,2
56297,1
56298,3
56299,1
56300,1
56301,3
56302,2
56303,4
56304,2
56305,3
56306,1
56307,4
56308,3
56309,1
56310,1
56311,2
56312,2
56313,1
56314,1
56315,1
56316,1
56317,1
56318,1
56319,1
56320,1
56321,4
56322,1
56323,1
56324,1
56325,1
56326,1
56327,1
56328,2
56329,4
56330,1
56331,1
56332,3
56333,1
56334,1
56335,4
56336,1
56337,1
56338,1
56339,1
56340,1
56341,3
56342,1
56343,2
56344,1
56345,2
56346,1
56347,2
56348,1
56349,1
56350,3
56351,4
56352,1
56353,2
56354,1
56355,1
56356,1
56357,2
56358,1
56359,1
56360,3
56361,3
56362,2
56363,1
56364,3
56365,2
56366,1
56367,1
56368,1
56369,1
56370,1
56371,3
56372,1
56373,2
56374,3
56375,1
56376,1
56377,1
56378,3
56379,1
56380,3
56381,4
56382,1
56383,2
56384,1
56385,1
56386,1
56387,1
56388,2
56389,1
56390,1
56391,2
56392,2
56393,1
56394,1
56395,1
56396,2
56397,4
56398,3
56399,1
56400,1
56401,3
56402,1
56403,1
56404,1
56405,1
56406,3
56407,2
56408,1
56409,1
56410,4
56411,1
56412,1
56413,1
56414,1
56415,1
56416,2
56417,2
56418,3
56419,1
56420,1
56421,1
56422,3
56423,1
56424,1
56425,1
56426,1
56427,1
56428,3
56429,2
56430,1
56431,3
56432,1
56433,3
56434,2
56435,1
56436,1
56437,3
56438,1
56439,1
56440,1
56441,1
56442,1
56443,4
56444,1
56445,1
56446,1
56447,1
56448,2
56449,1
56450,1
56451,3
56452,1
56453,4
56454,3
56455,1
56456,1
56457,3
56458,1
56459,1
56460,1
56461,1
56462,1
56463,1
56464,1
56465,1
56466,1
56467,1
56468,1
56469,1
56470,3
56471,1
56472,1
56473,2
56474,1
56475,1
56476,4
56477,1
56478,NA
56479,2
56480,3
56481,1
56482,1
56483,3
56484,4
56485,1
56486,1
56487,1
56488,4
56489,1
56490,1
56491,3
56492,2
56493,4
56494,3
56495,3
56496,1
56497,1
56498,1
56499,1
56500,1
56501,1
56502,1
56503,1
56504,1
56505,4
56506,1
56507,1
56508,NA
56509,1
56510,4
56511,1
56512,3
56513,4
56514,1
56515,2
56516,1
56517,1
56518,1
56519,1
56520,1
56521,1
56522,1
56523,4
56524,1
56525,1
56526,1
56527,1
56528,1
56529,1
56530,4
56531,2
56532,1
56533,2
56534,1
56535,1
56536,1
56537,1
56538,2
56539,1
56540,1
56541,1
56542,1
56543,1
56544,1
56545,1
56546,1
56547,2
56548,3
56549,1
56550,1
56551,2
56552,1
56553,4
56554,1
56555,4
56556,1
56557,1
56558,3
56559,2
56560,1
56561,1
56562,1
56563,1
56564,3
56565,4
56566,1
56567,1
56568,3
56569,3
56570,1
56571,1
56572,1
56573,1
56574,1
56575,3
56576,1
56577,1
56578,3
56579,1
56580,1
56581,2
56582,2
56583,1
56584,1
56585,1
56586,3
56587,2
56588,1
56589,2
56590,2
56591,1
56592,2
56593,1
56594,1
56595,1
56596,2
56597,1
56598,4
56599,1
56600,1
56601,1
56602,1
56603,1
56604,3
56605,4
56606,1
56607,1
56608,1
56609,1
56610,3
56611,3
56612,1
56613,1
56614,4
56615,1
56616,2
56617,4
56618,2
56619,1
56620,1
56621,2
56622,3
56623,1
56624,4
56625,4
56626,1
56627,1
56628,1
56629,1
56630,1
56631,1
56632,1
56633,3
56634,1
56635,1
56636,2
56637,1
56638,3
56639,3
56640,1
56641,1
56642,2
56643,3
56644,1
56645,1
56646,2
56647,2
56648,1
56649,1
56650,4
56651,1
56652,3
56653,3
56654,1
56655,1
56656,3
56657,1
56658,1
56659,3
56660,1
56661,1
56662,1
56663,1
56664,2
56665,1
56666,1
56667,1
56668,1
56669,1
56670,1
56671,1
56672,3
56673,3
56674,4
56675,1
56676,1
56677,1
56678,1
56679,1
56680,3
56681,1
56682,1
56683,2
56684,1
56685,1
56686,3
56687,1
56688,1
56689,2
56690,2
56691,1
56692,1
56693,3
56694,1
56695,1
56696,3
56697,1
56698,2
56699,1
56700,2
56701,1
56702,1
56703,1
56704,3
56705,1
56706,1
56707,4
56708,1
56709,4
56710,1
56711,4
56712,1
56713,1
56714,1
56715,2
56716,1
56717,1
56718,2
56719,3
56720,1
56721,1
56722,3
56723,1
56724,2
56725,1
56726,1
56727,1
56728,3
56729,1
56730,4
56731,1
56732,1
56733,1
56734,1
56735,1
56736,1
56737,1
56738,1
56739,1
56740,3
56741,1
56742,1
56743,1
56744,NA
56745,1
56746,1
56747,1
56748,3
56749,2
56750,3
56751,1
56752,1
56753,1
56754,3
56755,1
56756,1
56757,2
56758,3
56759,1
56760,1
56761,1
56762,1
56763,3
56764,1
56765,2
56766,1
56767,1
56768,1
56769,1
56770,1
56771,1
56772,1
56773,1
56774,2
56775,3
56776,1
56777,1
56778,1
56779,2
56780,1
56781,1
56782,3
56783,4
56784,1
56785,3
56786,4
56787,2
56788,1
56789,1
56790,4
56791,3
56792,2
56793,1
56794,1
56795,3
56796,1
56797,1
56798,1
56799,1
56800,1
56801,1
56802,1
56803,2
56804,1
56805,3
56806,1
56807,1
56808,4
56809,1
56810,1
56811,1
56812,1
56813,1
56814,1
56815,1
56816,1
56817,3
56818,1
56819,1
56820,3
56821,1
56822,3
56823,2
56824,1
56825,1
56826,1
56827,3
56828,2
56829,1
56830,1
56831,1
56832,1
56833,2
56834,1
56835,3
56836,1
56837,1
56838,1
56839,1
56840,1
56841,1
56842,4
56843,1
56844,1
56845,1
56846,1
56847,1
56848,1
56849,1
56850,1
56851,1
56852,1
56853,1
56854,3
56855,2
56856,3
56857,2
56858,1
56859,2
56860,1
56861,3
56862,1
56863,3
56864,1
56865,1
56866,2
56867,2
56868,1
56869,1
56870,1
56871,1
56872,1
56873,4
56874,2
56875,1
56876,2
56877,3
56878,1
56879,1
56880,1
56881,3
56882,1
56883,2
56884,1
56885,2
56886,3
56887,1
56888,1
56889,1
56890,1
56891,1
56892,1
56893,1
56894,1
56895,1
56896,4
56897,1
56898,1
56899,1
56900,1
56901,1
56902,1
56903,1
56904,1
56905,2
56906,1
56907,1
56908,3
56909,1
56910,2
56911,1
56912,1
56913,1
56914,2
56915,1
56916,1
56917,3
56918,1
56919,1
56920,2
56921,1
56922,1
56923,4
56924,2
56925,1
56926,2
56927,1
56928,1
56929,1
56930,1
56931,1
56932,1
56933,3
56934,1
56935,1
56936,1
56937,2
56938,1
56939,1
56940,2
56941,1
56942,4
56943,1
56944,3
56945,1
56946,2
56947,4
56948,4
56949,1
56950,1
56951,1
56952,2
56953,3
56954,1
56955,1
56956,1
56957,1
56958,4
56959,1
56960,1
56961,1
56962,4
56963,1
56964,3
56965,1
56966,1
56967,1
56968,1
56969,3
56970,1
56971,4
56972,1
56973,1
56974,1
56975,1
56976,1
56977,1
56978,1
56979,2
56980,1
56981,1
56982,3
56983,1
56984,1
56985,3
56986,4
56987,4
56988,1
56989,3
56990,1
56991,1
56992,3
56993,1
56994,3
56995,1
56996,2
56997,1
56998,1
56999,3
57000,1
57001,3
57002,1
57003,1
57004,3
57005,1
57006,1
57007,1
57008,2
57009,4
57010,2
57011,2
57012,2
57013,1
57014,1
57015,4
57016,3
57017,3
57018,1
57019,2
57020,2
57021,1
57022,1
57023,3
57024,2
57025,2
57026,1
57027,1
57028,1
57029,1
57030,3
57031,1
57032,1
57033,2
57034,3
57035,3
57036,1
57037,4
57038,1
57039,1
57040,2
57041,4
57042,3
57043,2
57044,1
57045,3
57046,1
57047,4
57048,3
57049,2
57050,1
57051,3
57052,4
57053,1
57054,1
57055,2
57056,1
57057,1
57058,1
57059,2
57060,3
57061,2
57062,1
57063,1
57064,1
57065,2
57066,2
57067,1
57068,1
57069,3
57070,3
57071,1
57072,1
57073,1
57074,1
57075,3
57076,3
57077,1
57078,1
57079,2
57080,2
57081,2
57082,3
57083,1
57084,1
57085,1
57086,1
57087,1
57088,1
57089,3
57090,1
57091,3
57092,1
57093,3
57094,1
57095,1
57096,1
57097,1
57098,4
57099,1
57100,1
57101,1
57102,4
57103,1
57104,2
57105,1
57106,1
57107,4
57108,1
57109,1
57110,2
57111,2
57112,1
57113,1
57114,4
57115,1
57116,1
57117,1
57118,1
57119,1
57120,2
57121,1
57122,NA
57123,1
57124,2
57125,3
57126,3
57127,1
57128,3
57129,2
57130,4
57131,1
57132,2
57133,1
57134,1
57135,1
57136,1
57137,1
57138,1
57139,1
57140,1
57141,2
57142,1
57143,1
57144,2
57145,1
57146,1
57147,1
57148,1
57149,1
57150,2
57151,1
57152,2
57153,3
57154,1
57155,1
57156,3
57157,3
57158,3
57159,1
57160,1
57161,1
57162,1
57163,1
57164,2
57165,1
57166,3
57167,1
57168,1
57169,2
57170,1
57171,3
57172,2
57173,2
57174,2
57175,1
57176,3
57177,1
57178,1
57179,4
57180,1
57181,1
57182,1
57183,2
57184,1
57185,1
57186,2
57187,1
57188,1
57189,1
57190,1
57191,4
57192,3
57193,2
57194,1
57195,2
57196,1
57197,1
57198,4
57199,4
57200,3
57201,1
57202,1
57203,3
57204,1
57205,1
57206,4
57207,2
57208,1
57209,1
57210,1
57211,1
57212,1
57213,1
57214,1
57215,2
57216,1
57217,1
57218,1
57219,1
57220,1
57221,1
57222,1
57223,1
57224,4
57225,1
57226,2
57227,4
57228,3
57229,1
57230,1
57231,1
57232,2
57233,3
57234,1
57235,4
57236,1
57237,1
57238,1
57239,3
57240,1
57241,3
57242,1
57243,1
57244,1
57245,1
57246,1
57247,1
57248,1
57249,1
57250,2
57251,1
57252,1
57253,4
57254,1
57255,1
57256,1
57257,2
57258,3
57259,3
57260,1
57261,1
57262,1
57263,1
57264,NA
57265,3
57266,3
57267,1
57268,1
57269,1
57270,1
57271,3
57272,1
57273,1
57274,3
57275,1
57276,1
57277,1
57278,1
57279,2
57280,2
57281,1
57282,3
57283,3
57284,1
57285,1
57286,2
57287,2
57288,3
57289,1
57290,3
57291,1
57292,2
57293,2
57294,1
57295,1
57296,1
57297,1
57298,1
57299,3
57300,4
57301,1
57302,4
57303,4
57304,1
57305,1
57306,2
57307,3
57308,1
57309,4
57310,1
57311,1
57312,2
57313,1
57314,3
57315,4
57316,1
57317,4
57318,1
57319,1
57320,1
57321,4
57322,4
57323,1
57324,1
57325,3
57326,1
57327,1
57328,1
57329,1
57330,1
57331,1
57332,1
57333,2
57334,1
57335,1
57336,1
57337,1
57338,1
57339,4
57340,2
57341,1
57342,3
57343,1
57344,4
57345,1
57346,3
57347,1
57348,1
57349,2
57350,1
57351,4
57352,3
57353,1
57354,4
57355,1
57356,3
57357,1
57358,1
57359,1
57360,NA
57361,2
57362,1
57363,1
57364,NA
57365,4
57366,2
57367,1
57368,1
57369,2
57370,2
57371,4
57372,1
57373,1
57374,1
57375,1
57376,2
57377,1
57378,3
57379,1
57380,2
57381,1
57382,1
57383,1
57384,1
57385,4
57386,1
57387,1
57388,1
57389,2
57390,1
57391,3
57392,1
57393,1
57394,1
57395,1
57396,3
57397,2
57398,1
57399,2
57400,3
57401,3
57402,1
57403,1
57404,4
57405,1
57406,1
57407,1
57408,1
57409,1
57410,1
57411,4
57412,1
57413,3
57414,2
57415,1
57416,1
57417,1
57418,1
57419,2
57420,1
57421,3
57422,2
57423,2
57424,3
57425,4
57426,1
57427,3
57428,3
57429,1
57430,1
57431,1
57432,1
57433,3
57434,1
57435,2
57436,1
57437,1
57438,1
57439,1
57440,1
57441,1
57442,1
57443,1
57444,1
57445,1
57446,1
57447,2
57448,3
57449,1
57450,1
57451,3
57452,1
57453,3
57454,4
57455,1
57456,1
57457,1
57458,1
57459,3
57460,3
57461,2
57462,1
57463,1
57464,4
57465,1
57466,1
57467,4
57468,1
57469,2
57470,1
57471,1
57472,1
57473,1
57474,1
57475,1
57476,1
57477,1
57478,1
57479,2
57480,1
57481,1
57482,1
57483,1
57484,1
57485,3
57486,1
57487,4
57488,3
57489,1
57490,1
57491,1
57492,1
57493,4
57494,1
57495,3
57496,4
57497,1
57498,4
57499,1
57500,4
57501,1
57502,NA
57503,1
57504,1
57505,2
57506,NA
57507,1
57508,2
57509,1
57510,1
57511,4
57512,1
57513,1
57514,3
57515,1
57516,4
57517,1
57518,4
57519,1
57520,4
57521,1
57522,4
57523,3
57524,1
57525,1
57526,1
57527,1
57528,1
57529,1
57530,1
57531,1
57532,1
57533,1
57534,4
57535,1
57536,1
57537,4
57538,2
57539,1
57540,2
57541,1
57542,2
57543,1
57544,1
57545,1
57546,2
57547,1
57548,1
57549,1
57550,1
57551,4
57552,4
57553,4
57554,1
57555,1
57556,3
57557,1
57558,1
57559,2
57560,2
57561,3
57562,1
57563,1
57564,1
57565,3
57566,3
57567,1
57568,1
57569,1
57570,1
57571,1
57572,4
57573,3
57574,1
57575,2
57576,1
57577,1
57578,1
57579,1
57580,3
57581,3
57582,4
57583,1
57584,3
57585,3
57586,1
57587,NA
57588,1
57589,1
57590,1
57591,1
57592,1
57593,1
57594,1
57595,1
57596,1
57597,1
57598,4
57599,1
57600,3
57601,1
57602,1
57603,1
57604,1
57605,4
57606,1
57607,1
57608,4
57609,3
57610,1
57611,1
57612,1
57613,3
57614,1
57615,1
57616,3
57617,1
57618,1
57619,1
57620,1
57621,2
57622,3
57623,1
57624,1
57625,1
57626,1
57627,1
57628,3
57629,2
57630,3
57631,1
57632,1
57633,4
57634,NA
57635,3
57636,1
57637,1
57638,3
57639,1
57640,1
57641,1
57642,4
57643,2
57644,1
57645,2
57646,1
57647,4
57648,1
57649,1
57650,1
57651,4
57652,NA
57653,1
57654,1
57655,3
57656,1
57657,3
57658,1
57659,1
57660,2
57661,1
57662,1
57663,3
57664,1
57665,4
57666,1
57667,4
57668,1
57669,1
57670,3
57671,4
57672,1
57673,1
57674,1
57675,1
57676,3
57677,3
57678,4
57679,3
57680,2
57681,1
57682,2
57683,1
57684,1
57685,1
57686,1
57687,1
57688,1
57689,1
57690,3
57691,1
57692,2
57693,1
57694,3
57695,3
57696,1
57697,1
57698,1
57699,1
57700,3
57701,1
57702,1
57703,1
57704,1
57705,1
57706,1
57707,4
57708,3
57709,3
57710,1
57711,3
57712,3
57713,1
57714,1
57715,1
57716,1
57717,1
57718,1
57719,2
57720,1
57721,1
57722,2
57723,1
57724,3
57725,1
57726,3
57727,1
57728,1
57729,1
57730,3
57731,2
57732,4
57733,2
57734,1
57735,1
57736,1
57737,1
57738,1
57739,1
57740,3
57741,2
57742,3
57743,1
57744,3
57745,1
57746,3
57747,1
57748,1
57749,1
57750,1
57751,4
57752,3
57753,1
57754,4
57755,1
57756,4
57757,1
57758,1
57759,1
57760,2
57761,1
57762,3
57763,1
57764,1
57765,1
57766,3
57767,2
57768,1
57769,3
57770,1
57771,1
57772,1
57773,1
57774,3
57775,1
57776,2
57777,1
57778,1
57779,3
57780,2
57781,1
57782,2
57783,3
57784,1
57785,4
57786,2
57787,1
57788,2
57789,1
57790,1
57791,1
57792,1
57793,1
57794,1
57795,4
57796,2
57797,1
57798,3
57799,3
57800,1
57801,2
57802,1
57803,1
57804,1
57805,3
57806,1
57807,NA
57808,3
57809,4
57810,2
57811,4
57812,1
57813,2
57814,1
57815,1
57816,2
57817,1
57818,1
57819,3
57820,1
57821,1
57822,1
57823,1
57824,1
57825,1
57826,1
57827,3
57828,1
57829,1
57830,1
57831,1
57832,3
57833,1
57834,1
57835,4
57836,2
57837,1
57838,1
57839,1
57840,1
57841,2
57842,1
57843,1
57844,1
57845,3
57846,1
57847,1
57848,1
57849,1
57850,1
57851,2
57852,1
57853,4
57854,1
57855,1
57856,NA
57857,4
57858,1
57859,1
57860,3
57861,1
57862,2
57863,1
57864,3
57865,2
57866,1
57867,1
57868,1
57869,1
57870,1
57871,1
57872,1
57873,1
57874,1
57875,1
57876,4
57877,2
57878,4
57879,1
57880,1
57881,1
57882,2
57883,2
57884,1
57885,2
57886,1
57887,3
57888,1
57889,1
57890,1
57891,2
57892,1
57893,3
57894,1
57895,1
57896,1
57897,1
57898,4
57899,1
57900,1
57901,1
57902,1
57903,1
57904,1
57905,1
57906,1
57907,1
57908,3
57909,1
57910,1
57911,1
57912,1
57913,1
57914,1
57915,4
57916,1
57917,1
57918,1
57919,1
57920,1
57921,1
57922,1
57923,1
57924,3
57925,2
57926,1
57927,4
57928,1
57929,2
57930,1
57931,2
57932,1
57933,1
57934,1
57935,2
57936,1
57937,4
57938,3
57939,1
57940,1
57941,1
57942,1
57943,2
57944,2
57945,1
57946,3
57947,1
57948,1
57949,1
57950,2
57951,1
57952,1
57953,1
57954,1
57955,1
57956,1
57957,2
57958,3
57959,1
57960,3
57961,2
57962,1
57963,1
57964,1
57965,1
57966,1
57967,3
57968,3
57969,1
57970,1
57971,2
57972,1
57973,2
57974,1
57975,2
57976,3
57977,1
57978,1
57979,1
57980,1
57981,1
57982,1
57983,1
57984,2
57985,1
57986,1
57987,1
57988,1
57989,1
57990,1
57991,NA
57992,1
57993,1
57994,1
57995,3
57996,1
57997,2
57998,1
57999,1
58000,1
58001,2
58002,2
58003,1
58004,1
58005,1
58006,1
58007,4
58008,3
58009,1
58010,2
58011,2
58012,3
58013,NA
58014,1
58015,1
58016,1
58017,1
58018,1
58019,1
58020,1
58021,1
58022,4
58023,1
58024,1
58025,2
58026,1
58027,3
58028,1
58029,3
58030,1
58031,3
58032,1
58033,1
58034,2
58035,1
58036,1
58037,4
58038,1
58039,3
58040,1
58041,2
58042,1
58043,1
58044,2
58045,4
58046,1
58047,1
58048,1
58049,4
58050,4
58051,1
58052,1
58053,1
58054,1
58055,3
58056,3
58057,1
58058,1
58059,1
58060,1
58061,1
58062,1
58063,1
58064,2
58065,4
58066,1
58067,1
58068,1
58069,1
58070,1
58071,2
58072,1
58073,1
58074,1
58075,1
58076,1
58077,1
58078,1
58079,NA
58080,1
58081,1
58082,3
58083,3
58084,1
58085,1
58086,1
58087,1
58088,3
58089,1
58090,2
58091,4
58092,1
58093,1
58094,1
58095,1
58096,2
58097,1
58098,2
58099,2
58100,1
58101,1
58102,1
58103,1
58104,1
58105,1
58106,3
58107,1
58108,1
58109,3
58110,1
58111,4
58112,1
58113,2
58114,1
58115,1
58116,1
58117,4
58118,1
58119,1
58120,1
58121,1
58122,3
58123,2
58124,1
58125,1
58126,1
58127,1
58128,1
58129,1
58130,1
58131,1
58132,1
58133,1
58134,4
58135,1
58136,2
58137,2
58138,3
58139,3
58140,3
58141,1
58142,2
58143,1
58144,1
58145,2
58146,3
58147,2
58148,1
58149,3
58150,2
58151,3
58152,1
58153,1
58154,3
58155,2
58156,1
58157,3
58158,1
58159,1
58160,1
58161,1
58162,3
58163,3
58164,1
58165,1
58166,1
58167,1
58168,1
58169,2
58170,1
58171,1
58172,1
58173,2
58174,1
58175,1
58176,1
58177,1
58178,3
58179,1
58180,1
58181,1
58182,3
58183,1
58184,3
58185,1
58186,1
58187,1
58188,1
58189,2
58190,1
58191,1
58192,1
58193,1
58194,1
58195,1
58196,1
58197,2
58198,4
58199,2
58200,1
58201,1
58202,4
58203,4
58204,1
58205,2
58206,1
58207,2
58208,2
58209,1
58210,1
58211,1
58212,2
58213,1
58214,1
58215,1
58216,1
58217,1
58218,2
58219,1
58220,1
58221,1
58222,2
58223,1
58224,2
58225,1
58226,1
58227,1
58228,1
58229,2
58230,2
58231,1
58232,1
58233,3
58234,1
58235,1
58236,1
58237,3
58238,2
58239,2
58240,3
58241,3
58242,1
58243,1
58244,2
58245,1
58246,1
58247,2
58248,3
58249,3
58250,1
58251,1
58252,NA
58253,4
58254,1
58255,1
58256,2
58257,3
58258,4
58259,1
58260,3
58261,1
58262,1
58263,1
58264,1
58265,1
58266,1
58267,1
58268,3
58269,1
58270,3
58271,1
58272,3
58273,1
58274,1
58275,1
58276,1
58277,3
58278,4
58279,3
58280,3
58281,NA
58282,1
58283,1
58284,1
58285,1
58286,1
58287,1
58288,1
58289,1
58290,1
58291,1
58292,1
58293,3
58294,1
58295,2
58296,1
58297,1
58298,1
58299,3
58300,1
58301,1
58302,1
58303,1
58304,1
58305,4
58306,4
58307,1
58308,1
58309,3
58310,1
58311,2
58312,1
58313,1
58314,3
58315,1
58316,1
58317,3
58318,1
58319,1
58320,2
58321,4
58322,3
58323,2
58324,4
58325,3
58326,1
58327,1
58328,3
58329,2
58330,2
58331,1
58332,3
58333,1
58334,2
58335,4
58336,1
58337,2
58338,2
58339,1
58340,1
58341,3
58342,3
58343,1
58344,1
58345,2
58346,2
58347,1
58348,1
58349,1
58350,1
58351,1
58352,1
58353,1
58354,1
58355,1
58356,1
58357,1
58358,1
58359,2
58360,2
58361,1
58362,1
58363,1
58364,1
58365,1
58366,1
58367,2
58368,1
58369,1
58370,2
58371,1
58372,1
58373,2
58374,1
58375,1
58376,2
58377,1
58378,2
58379,1
58380,3
58381,2
58382,1
58383,3
58384,1
58385,4
58386,1
58387,1
58388,1
58389,1
58390,1
58391,3
58392,1
58393,1
58394,2
58395,1
58396,3
58397,1
58398,1
58399,1
58400,2
58401,3
58402,1
58403,1
58404,1
58405,2
58406,2
58407,2
58408,1
58409,3
58410,1
58411,1
58412,1
58413,1
58414,1
58415,2
58416,1
58417,1
58418,1
58419,1
58420,1
58421,1
58422,1
58423,2
58424,1
58425,2
58426,4
58427,1
58428,1
58429,3
58430,1
58431,1
58432,3
58433,1
58434,1
58435,1
58436,1
58437,1
58438,1
58439,1
58440,1
58441,1
58442,1
58443,1
58444,3
58445,4
58446,1
58447,3
58448,1
58449,1
58450,1
58451,1
58452,1
58453,1
58454,1
58455,1
58456,1
58457,3
58458,4
58459,1
58460,1
58461,4
58462,1
58463,3
58464,2
58465,1
58466,1
58467,1
58468,1
58469,1
58470,3
58471,1
58472,1
58473,2
58474,1
58475,3
58476,2
58477,3
58478,2
58479,1
58480,3
58481,4
58482,1
58483,1
58484,1
58485,1
58486,1
58487,3
58488,1
58489,3
58490,1
58491,1
58492,1
58493,1
58494,4
58495,1
58496,1
58497,1
58498,1
58499,2
58500,2
58501,3
58502,1
58503,1
58504,2
58505,1
58506,1
58507,1
58508,1
58509,1
58510,4
58511,1
58512,1
58513,1
58514,1
58515,4
58516,2
58517,3
58518,2
58519,4
58520,1
58521,1
58522,1
58523,2
58524,NA
58525,1
58526,1
58527,1
58528,2
58529,1
58530,1
58531,1
58532,1
58533,3
58534,1
58535,1
58536,1
58537,3
58538,1
58539,1
58540,1
58541,1
58542,4
58543,1
58544,3
58545,1
58546,3
58547,2
58548,2
58549,2
58550,2
58551,NA
58552,2
58553,2
58554,1
58555,2
58556,1
58557,2
58558,2
58559,1
58560,2
58561,3
58562,NA
58563,1
58564,1
58565,1
58566,1
58567,1
58568,3
58569,1
58570,1
58571,1
58572,2
58573,1
58574,4
58575,3
58576,4
58577,1
58578,1
58579,1
58580,4
58581,1
58582,3
58583,1
58584,3
58585,1
58586,2
58587,1
58588,1
58589,4
58590,1
58591,1
58592,1
58593,2
58594,1
58595,1
58596,2
58597,1
58598,3
58599,2
58600,4
58601,1
58602,1
58603,1
58604,1
58605,1
58606,2
58607,1
58608,3
58609,1
58610,1
58611,1
58612,1
58613,1
58614,3
58615,4
58616,3
58617,1
58618,1
58619,1
58620,1
58621,1
58622,4
58623,4
58624,4
58625,1
58626,1
58627,1
58628,4
58629,1
58630,1
58631,1
58632,1
58633,3
58634,2
58635,2
58636,3
58637,1
58638,1
58639,1
58640,1
58641,1
58642,1
58643,1
58644,3
58645,1
58646,1
58647,4
58648,4
58649,1
58650,1
58651,1
58652,2
58653,3
58654,1
58655,1
58656,2
58657,1
58658,1
58659,1
58660,1
58661,1
58662,2
58663,1
58664,1
58665,3
58666,1
58667,1
58668,1
58669,1
58670,2
58671,1
58672,1
58673,1
58674,1
58675,1
58676,3
58677,1
58678,2
58679,3
58680,3
58681,1
58682,2
58683,3
58684,1
58685,1
58686,1
58687,1
58688,1
58689,1
58690,1
58691,3
58692,2
58693,1
58694,2
58695,2
58696,4
58697,3
58698,1
58699,1
58700,1
58701,2
58702,1
58703,1
58704,2
58705,3
58706,1
58707,1
58708,4
58709,1
58710,2
58711,2
58712,1
58713,1
58714,1
58715,1
58716,1
58717,1
58718,1
58719,1
58720,1
58721,1
58722,1
58723,1
58724,4
58725,3
58726,3
58727,3
58728,1
58729,3
58730,1
58731,4
58732,3
58733,1
58734,1
58735,2
58736,1
58737,3
58738,1
58739,1
58740,1
58741,2
58742,1
58743,1
58744,1
58745,1
58746,3
58747,2
58748,1
58749,1
58750,1
58751,2
58752,1
58753,1
58754,1
58755,1
58756,1
58757,1
58758,3
58759,4
58760,1
58761,2
58762,1
58763,3
58764,1
58765,1
58766,1
58767,1
58768,3
58769,2
58770,1
58771,1
58772,1
58773,1
58774,1
58775,1
58776,1
58777,1
58778,3
58779,1
58780,2
58781,1
58782,2
58783,2
58784,1
58785,1
58786,1
58787,1
58788,2
58789,1
58790,4
58791,2
58792,1
58793,1
58794,1
58795,1
58796,1
58797,1
58798,1
58799,1
58800,3
58801,1
58802,2
58803,2
58804,1
58805,2
58806,2
58807,1
58808,1
58809,2
58810,1
58811,1
58812,1
58813,1
58814,1
58815,1
58816,1
58817,4
58818,2
58819,1
58820,1
58821,3
58822,4
58823,1
58824,2
58825,1
58826,1
58827,2
58828,1
58829,4
58830,1
58831,2
58832,1
58833,3
58834,1
58835,1
58836,4
58837,3
58838,1
58839,3
58840,1
58841,NA
58842,3
58843,1
58844,2
58845,1
58846,1
58847,1
58848,1
58849,2
58850,3
58851,1
58852,1
58853,1
58854,1
58855,1
58856,1
58857,1
58858,3
58859,1
58860,2
58861,1
58862,1
58863,NA
58864,1
58865,1
58866,4
58867,1
58868,1
58869,1
58870,1
58871,1
58872,1
58873,4
58874,1
58875,1
58876,1
58877,1
58878,4
58879,1
58880,3
58881,1
58882,4
58883,1
58884,2
58885,1
58886,1
58887,3
58888,4
58889,1
58890,3
58891,2
58892,3
58893,1
58894,1
58895,4
58896,3
58897,4
58898,1
58899,1
58900,1
58901,1
58902,3
58903,4
58904,1
58905,1
58906,2
58907,1
58908,1
58909,1
58910,2
58911,1
58912,2
58913,1
58914,1
58915,4
58916,1
58917,1
58918,1
58919,4
58920,2
58921,1
58922,1
58923,1
58924,2
58925,1
58926,1
58927,1
58928,1
58929,1
58930,1
58931,2
58932,1
58933,1
58934,1
58935,1
58936,1
58937,2
58938,1
58939,3
58940,3
58941,3
58942,1
58943,4
58944,4
58945,1
58946,4
58947,1
58948,1
58949,1
58950,3
58951,1
58952,1
58953,1
58954,4
58955,4
58956,1
58957,1
58958,4
58959,1
58960,3
58961,1
58962,1
58963,1
58964,2
58965,1
58966,1
58967,1
58968,1
58969,1
58970,1
58971,1
58972,1
58973,4
58974,4
58975,1
58976,1
58977,1
58978,2
58979,1
58980,1
58981,4
58982,1
58983,3
58984,1
58985,NA
58986,1
58987,4
58988,1
58989,1
58990,1
58991,1
58992,1
58993,3
58994,1
58995,2
58996,1
58997,2
58998,1
58999,1
59000,1
59001,1
59002,1
59003,1
59004,1
59005,4
59006,1
59007,4
59008,2
59009,2
59010,4
59011,3
59012,1
59013,1
59014,4
59015,1
59016,1
59017,1
59018,3
59019,1
59020,3
59021,1
59022,1
59023,1
59024,4
59025,3
59026,1
59027,3
59028,1
59029,1
59030,1
59031,NA
59032,1
59033,1
59034,1
59035,3
59036,1
59037,1
59038,3
59039,1
59040,1
59041,2
59042,1
59043,3
59044,1
59045,1
59046,3
59047,3
59048,3
59049,1
59050,1
59051,3
59052,1
59053,1
59054,3
59055,1
59056,4
59057,2
59058,1
59059,1
59060,1
59061,1
59062,3
59063,1
59064,1
59065,1
59066,1
59067,1
59068,1
59069,1
59070,1
59071,1
59072,1
59073,2
59074,4
59075,1
59076,1
59077,NA
59078,1
59079,1
59080,3
59081,1
59082,1
59083,3
59084,1
59085,3
59086,1
59087,4
59088,3
59089,1
59090,3
59091,1
59092,2
59093,1
59094,1
59095,1
59096,1
59097,2
59098,1
59099,1
59100,1
59101,3
59102,1
59103,4
59104,1
59105,1
59106,1
59107,1
59108,4
59109,4
59110,1
59111,1
59112,1
59113,3
59114,1
59115,1
59116,1
59117,3
59118,1
59119,1
59120,1
59121,4
59122,1
59123,3
59124,1
59125,4
59126,1
59127,1
59128,1
59129,1
59130,1
59131,1
59132,1
59133,1
59134,1
59135,1
59136,1
59137,1
59138,4
59139,1
59140,1
59141,1
59142,1
59143,1
59144,1
59145,2
59146,1
59147,1
59148,1
59149,2
59150,2
59151,1
59152,1
59153,2
59154,2
59155,1
59156,1
59157,1
59158,1
59159,2
59160,2
59161,1
59162,1
59163,1
59164,2
59165,2
59166,1
59167,1
59168,2
59169,3
59170,2
59171,1
59172,1
59173,2
59174,1
59175,1
59176,1
59177,2
59178,4
59179,1
59180,4
59181,1
59182,1
59183,3
59184,1
59185,1
59186,1
59187,3
59188,1
59189,2
59190,4
59191,1
59192,1
59193,2
59194,1
59195,1
59196,1
59197,2
59198,3
59199,1
59200,1
59201,1
59202,3
59203,4
59204,1
59205,1
59206,1
59207,1
59208,2
59209,1
59210,1
59211,3
59212,4
59213,1
59214,1
59215,1
59216,4
59217,1
59218,1
59219,1
59220,1
59221,1
59222,1
59223,1
59224,1
59225,1
59226,1
59227,1
59228,1
59229,1
59230,1
59231,1
59232,1
59233,1
59234,2
59235,1
59236,1
59237,1
59238,1
59239,1
59240,1
59241,1
59242,3
59243,1
59244,1
59245,1
59246,1
59247,1
59248,1
59249,1
59250,3
59251,1
59252,1
59253,1
59254,3
59255,1
59256,2
59257,1
59258,NA
59259,1
59260,4
59261,2
59262,1
59263,3
59264,3
59265,4
59266,1
59267,1
59268,3
59269,4
59270,3
59271,4
59272,3
59273,1
59274,1
59275,1
59276,1
59277,1
59278,1
59279,3
59280,1
59281,1
59282,3
59283,1
59284,1
59285,3
59286,1
59287,2
59288,1
59289,3
59290,1
59291,1
59292,3
59293,1
59294,1
59295,1
59296,1
59297,1
59298,4
59299,2
59300,2
59301,1
59302,4
59303,1
59304,1
59305,1
59306,1
59307,2
59308,3
59309,3
59310,1
59311,2
59312,3
59313,2
59314,4
59315,4
59316,1
59317,3
59318,3
59319,3
59320,1
59321,1
59322,3
59323,4
59324,1
59325,1
59326,3
59327,1
59328,1
59329,1
59330,2
59331,3
59332,3
59333,3
59334,1
59335,4
59336,1
59337,1
59338,3
59339,3
59340,1
59341,2
59342,1
59343,1
59344,3
59345,1
59346,1
59347,1
59348,1
59349,1
59350,4
59351,1
59352,1
59353,2
59354,1
59355,1
59356,3
59357,1
59358,2
59359,1
59360,1
59361,3
59362,1
59363,1
59364,1
59365,1
59366,1
59367,1
59368,3
59369,1
59370,1
59371,1
59372,1
59373,2
59374,1
59375,1
59376,1
59377,1
59378,2
59379,1
59380,1
59381,1
59382,1
59383,2
59384,1
59385,1
59386,1
59387,1
59388,1
59389,1
59390,1
59391,1
59392,2
59393,1
59394,3
59395,1
59396,1
59397,1
59398,4
59399,1
59400,3
59401,4
59402,1
59403,1
59404,3
59405,1
59406,1
59407,1
59408,4
59409,1
59410,1
59411,1
59412,4
59413,1
59414,1
59415,1
59416,3
59417,3
59418,1
59419,4
59420,1
59421,2
59422,1
59423,3
59424,1
59425,2
59426,1
59427,1
59428,1
59429,1
59430,2
59431,2
59432,2
59433,1
59434,1
59435,1
59436,3
59437,1
59438,2
59439,2
59440,1
59441,1
59442,1
59443,1
59444,1
59445,1
59446,1
59447,1
59448,1
59449,1
59450,3
59451,2
59452,1
59453,1
59454,1
59455,4
59456,1
59457,1
59458,1
59459,1
59460,1
59461,1
59462,1
59463,1
59464,1
59465,3
59466,1
59467,4
59468,1
59469,1
59470,1
59471,4
59472,4
59473,1
59474,3
59475,1
59476,1
59477,2
59478,2
59479,1
59480,3
59481,1
59482,1
59483,3
59484,3
59485,1
59486,1
59487,1
59488,1
59489,1
59490,3
59491,3
59492,1
59493,1
59494,1
59495,1
59496,1
59497,1
59498,1
59499,1
59500,3
59501,3
59502,3
59503,1
59504,3
59505,1
59506,2
59507,2
59508,1
59509,1
59510,1
59511,1
59512,3
59513,1
59514,3
59515,1
59516,4
59517,1
59518,4
59519,3
59520,1
59521,1
59522,1
59523,2
59524,1
59525,1
59526,1
59527,2
59528,1
59529,4
59530,1
59531,4
59532,1
59533,2
59534,2
59535,2
59536,1
59537,3
59538,1
59539,4
59540,1
59541,1
59542,1
59543,1
59544,2
59545,1
59546,1
59547,3
59548,3
59549,1
59550,1
59551,4
59552,1
59553,2
59554,4
59555,4
59556,1
59557,1
59558,3
59559,2
59560,1
59561,1
59562,1
59563,1
59564,4
59565,3
59566,1
59567,4
59568,4
59569,1
59570,1
59571,1
59572,1
59573,3
59574,3
59575,2
59576,2
59577,2
59578,1
59579,1
59580,3
59581,3
59582,4
59583,1
59584,1
59585,2
59586,3
59587,2
59588,1
59589,3
59590,1
59591,2
59592,1
59593,3
59594,1
59595,2
59596,2
59597,NA
59598,1
59599,3
59600,1
59601,1
59602,2
59603,1
59604,1
59605,1
59606,1
59607,1
59608,1
59609,1
59610,3
59611,3
59612,1
59613,1
59614,1
59615,3
59616,1
59617,3
59618,NA
59619,1
59620,3
59621,1
59622,1
59623,1
59624,2
59625,3
59626,1
59627,1
59628,1
59629,1
59630,1
59631,1
59632,1
59633,1
59634,1
59635,3
59636,1
59637,4
59638,1
59639,1
59640,1
59641,1
59642,1
59643,1
59644,2
59645,3
59646,1
59647,1
59648,1
59649,1
59650,1
59651,2
59652,2
59653,1
59654,1
59655,2
59656,1
59657,1
59658,1
59659,1
59660,1
59661,1
59662,2
59663,2
59664,4
59665,4
59666,1
59667,1
59668,1
59669,4
59670,2
59671,1
59672,4
59673,1
59674,1
59675,1
59676,2
59677,2
59678,1
59679,1
59680,1
59681,1
59682,1
59683,1
59684,1
59685,1
59686,1
59687,1
59688,3
59689,1
59690,1
59691,1
59692,1
59693,1
59694,3
59695,1
59696,3
59697,3
59698,1
59699,4
59700,2
59701,2
59702,1
59703,1
59704,1
59705,1
59706,1
59707,1
59708,1
59709,1
59710,3
59711,3
59712,2
59713,1
59714,1
59715,4
59716,1
59717,4
59718,3
59719,2
59720,1
59721,1
59722,2
59723,1
59724,1
59725,1
59726,1
59727,2
59728,1
59729,1
59730,1
59731,3
59732,4
59733,1
59734,1
59735,NA
59736,1
59737,1
59738,4
59739,3
59740,1
59741,1
59742,1
59743,1
59744,1
59745,1
59746,4
59747,1
59748,1
59749,2
59750,1
59751,1
59752,2
59753,1
59754,1
59755,1
59756,1
59757,1
59758,1
59759,2
59760,1
59761,2
59762,1
59763,3
59764,1
59765,1
59766,1
59767,1
59768,4
59769,3
59770,3
59771,1
59772,1
59773,1
59774,1
59775,1
59776,1
59777,4
59778,1
59779,1
59780,3
59781,3
59782,1
59783,4
59784,3
59785,1
59786,2
59787,1
59788,1
59789,3
59790,1
59791,2
59792,1
59793,1
59794,1
59795,2
59796,3
59797,1
59798,4
59799,1
59800,NA
59801,3
59802,1
59803,1
59804,1
59805,1
59806,3
59807,1
59808,1
59809,3
59810,1
59811,1
59812,4
59813,1
59814,1
59815,1
59816,2
59817,3
59818,3
59819,2
59820,4
59821,1
59822,1
59823,1
59824,2
59825,1
59826,1
59827,1
59828,1
59829,1
59830,1
59831,1
59832,2
59833,2
59834,2
59835,1
59836,1
59837,1
59838,3
59839,2
59840,3
59841,1
59842,3
59843,1
59844,1
59845,1
59846,2
59847,2
59848,1
59849,1
59850,3
59851,1
59852,3
59853,2
59854,1
59855,3
59856,1
59857,1
59858,1
59859,1
59860,1
59861,3
59862,1
59863,1
59864,2
59865,1
59866,2
59867,4
59868,3
59869,2
59870,1
59871,1
59872,1
59873,3
59874,2
59875,1
59876,1
59877,4
59878,1
59879,4
59880,2
59881,1
59882,1
59883,3
59884,1
59885,3
59886,2
59887,1
59888,1
59889,1
59890,1
59891,1
59892,2
59893,2
59894,1
59895,1
59896,3
59897,2
59898,1
59899,1
59900,4
59901,1
59902,3
59903,1
59904,2
59905,1
59906,3
59907,3
59908,1
59909,1
59910,1
59911,1
59912,1
59913,1
59914,1
59915,1
59916,1
59917,1
59918,4
59919,1
59920,1
59921,3
59922,1
59923,1
59924,4
59925,1
59926,1
59927,4
59928,1
59929,1
59930,1
59931,1
59932,1
59933,2
59934,3
59935,1
59936,3
59937,1
59938,3
59939,1
59940,4
59941,3
59942,3
59943,1
59944,4
59945,2
59946,1
59947,4
59948,1
59949,4
59950,1
59951,1
59952,1
59953,1
59954,1
59955,3
59956,1
59957,1
59958,2
59959,1
59960,3
59961,4
59962,4
59963,1
59964,1
59965,2
59966,3
59967,1
59968,1
59969,1
59970,1
59971,1
59972,4
59973,1
59974,4
59975,1
59976,1
59977,1
59978,1
59979,1
59980,3
59981,1
59982,1
59983,NA
59984,1
59985,1
59986,3
59987,1
59988,1
59989,1
59990,1
59991,1
59992,1
59993,1
59994,1
59995,3
59996,1
59997,1
59998,1
59999,2
60000,1
60001,1
60002,1
60003,4
60004,1
60005,1
60006,1
60007,1
60008,1
60009,1
60010,1
60011,1
60012,1
60013,1
60014,1
60015,2
60016,1
60017,1
60018,2
60019,1
60020,3
60021,4
60022,1
60023,1
60024,2
60025,4
60026,3
60027,1
60028,NA
60029,1
60030,1
60031,4
60032,3
60033,2
60034,3
60035,1
60036,1
60037,4
60038,1
60039,1
60040,1
60041,3
60042,4
60043,1
60044,1
60045,1
60046,4
60047,1
60048,2
60049,3
60050,1
60051,3
60052,3
60053,1
60054,1
60055,2
60056,2
60057,1
60058,1
60059,4
60060,1
60061,1
60062,2
60063,1
60064,1
60065,1
60066,1
60067,1
60068,2
60069,1
60070,1
60071,3
60072,1
60073,1
60074,1
60075,3
60076,2
60077,1
60078,1
60079,1
60080,1
60081,1
60082,1
60083,1
60084,1
60085,4
60086,3
60087,1
60088,1
60089,1
60090,3
60091,1
60092,4
60093,2
60094,1
60095,2
60096,1
60097,3
60098,4
60099,1
60100,1
60101,3
60102,1
60103,2
60104,2
60105,4
60106,3
60107,1
60108,1
60109,1
60110,1
60111,1
60112,1
60113,3
60114,2
60115,2
60116,1
60117,2
60118,3
60119,2
60120,NA
60121,3
60122,1
60123,1
60124,1
60125,1
60126,1
60127,1
60128,1
60129,2
60130,1
60131,1
60132,4
60133,1
60134,1
60135,1
60136,1
60137,3
60138,4
60139,1
60140,1
60141,3
60142,1
60143,1
60144,1
60145,1
60146,1
60147,3
60148,1
60149,1
60150,2
60151,1
60152,1
60153,3
60154,1
60155,2
60156,1
60157,4
60158,1
60159,1
60160,1
60161,2
60162,1
60163,1
60164,1
60165,3
60166,1
60167,4
60168,2
60169,4
60170,1
60171,1
60172,3
60173,1
60174,NA
60175,1
60176,2
60177,4
60178,2
60179,2
60180,1
60181,1
60182,1
60183,1
60184,1
60185,4
60186,1
60187,1
60188,1
60189,4
60190,NA
60191,1
60192,1
60193,3
60194,4
60195,1
60196,1
60197,1
60198,1
60199,1
60200,1
60201,1
60202,1
60203,1
60204,1
60205,1
60206,1
60207,4
60208,2
60209,1
60210,1
60211,1
60212,3
60213,3
60214,1
60215,1
60216,2
60217,1
60218,1
60219,1
60220,1
60221,1
60222,1
60223,1
60224,1
60225,4
60226,2
60227,3
60228,3
60229,1
60230,1
60231,3
60232,1
60233,1
60234,1
60235,1
60236,1
60237,3
60238,1
60239,1
60240,1
60241,4
60242,1
60243,1
60244,4
60245,1
60246,3
60247,1
60248,3
60249,1
60250,1
60251,4
60252,1
60253,1
60254,1
60255,2
60256,1
60257,1
60258,1
60259,1
60260,1
60261,1
60262,1
60263,1
60264,1
60265,1
60266,1
60267,1
60268,1
60269,2
60270,1
60271,1
60272,1
60273,1
60274,1
60275,1
60276,1
60277,3
60278,3
60279,1
60280,NA
60281,1
60282,1
60283,1
60284,1
60285,3
60286,1
60287,4
60288,3
60289,1
60290,1
60291,1
60292,3
60293,1
60294,3
60295,1
60296,1
60297,1
60298,1
60299,1
60300,1
60301,1
60302,1
60303,2
60304,4
60305,1
60306,1
60307,1
60308,1
60309,2
60310,3
60311,4
60312,1
60313,1
60314,3
60315,2
60316,1
60317,3
60318,1
60319,1
60320,1
60321,1
60322,2
60323,1
60324,1
60325,3
60326,1
60327,1
60328,1
60329,2
60330,3
60331,1
60332,1
60333,1
60334,1
60335,1
60336,1
60337,1
60338,2
60339,1
60340,1
60341,1
60342,1
60343,NA
60344,1
60345,1
60346,1
60347,1
60348,2
60349,1
60350,1
60351,1
60352,3
60353,1
60354,1
60355,1
60356,1
60357,1
60358,1
60359,1
60360,2
60361,1
60362,1
60363,2
60364,1
60365,2
60366,NA
60367,1
60368,1
60369,1
60370,1
60371,1
60372,4
60373,1
60374,1
60375,2
60376,1
60377,1
60378,4
60379,1
60380,1
60381,1
60382,1
60383,1
60384,1
60385,4
60386,1
60387,1
60388,1
60389,2
60390,1
60391,1
60392,3
60393,1
60394,4
60395,2
60396,3
60397,3
60398,1
60399,1
60400,1
60401,3
60402,3
60403,4
60404,3
60405,1
60406,1
60407,1
60408,1
60409,3
60410,1
60411,1
60412,1
60413,1
60414,1
60415,1
60416,1
60417,1
60418,2
60419,2
60420,3
60421,1
60422,1
60423,2
60424,2
60425,3
60426,1
60427,1
60428,4
60429,1
60430,1
60431,1
60432,1
60433,1
60434,1
60435,3
60436,2
60437,1
60438,3
60439,4
60440,1
60441,3
60442,1
60443,1
60444,1
60445,1
60446,4
60447,1
60448,1
60449,1
60450,1
60451,1
60452,1
60453,1
60454,1
60455,1
60456,1
60457,4
60458,3
60459,1
60460,1
60461,1
60462,4
60463,3
60464,1
60465,1
60466,4
60467,1
60468,1
60469,3
60470,2
60471,4
60472,1
60473,3
60474,1
60475,1
60476,2
60477,1
60478,1
60479,1
60480,1
60481,4
60482,1
60483,1
60484,3
60485,1
60486,1
60487,1
60488,2
60489,2
60490,3
60491,1
60492,3
60493,1
60494,3
60495,4
60496,1
60497,1
60498,1
60499,1
60500,1
60501,1
60502,4
60503,1
60504,1
60505,2
60506,1
60507,1
60508,3
60509,1
60510,2
60511,1
60512,1
60513,1
60514,1
60515,4
60516,2
60517,1
60518,1
60519,3
60520,1
60521,3
60522,2
60523,1
60524,3
60525,1
60526,2
60527,1
60528,1
60529,1
60530,2
60531,1
60532,1
60533,1
60534,1
60535,1
60536,4
60537,4
60538,1
60539,1
60540,1
60541,3
60542,3
60543,1
60544,1
60545,1
60546,1
60547,1
60548,4
60549,1
60550,1
60551,4
60552,1
60553,4
60554,2
60555,1
60556,1
60557,1
60558,3
60559,1
60560,1
60561,1
60562,4
60563,3
60564,2
60565,1
60566,1
60567,3
60568,1
60569,1
60570,1
60571,1
60572,4
60573,4
60574,1
60575,3
60576,2
60577,1
60578,3
60579,1
60580,1
60581,3
60582,1
60583,1
60584,3
60585,1
60586,1
60587,2
60588,3
60589,1
60590,2
60591,1
60592,1
60593,4
60594,1
60595,1
60596,2
60597,NA
60598,1
60599,1
60600,1
60601,1
60602,1
60603,1
60604,1
60605,3
60606,1
60607,NA
60608,3
60609,1
60610,4
60611,1
60612,1
60613,3
60614,3
60615,1
60616,1
60617,1
60618,1
60619,1
60620,3
60621,2
60622,1
60623,1
60624,4
60625,2
60626,3
60627,3
60628,1
60629,1
60630,1
60631,3
60632,1
60633,2
60634,3
60635,3
60636,1
60637,2
60638,1
60639,3
60640,4
60641,2
60642,2
60643,1
60644,4
60645,1
60646,2
60647,2
60648,3
60649,1
60650,3
60651,3
60652,1
60653,3
60654,1
60655,1
60656,1
60657,1
60658,1
60659,1
60660,1
60661,3
60662,1
60663,1
60664,1
60665,2
60666,1
60667,1
60668,1
60669,3
60670,1
60671,2
60672,1
60673,1
60674,2
60675,2
60676,1
60677,1
60678,4
60679,1
60680,4
60681,3
60682,1
60683,1
60684,NA
60685,1
60686,2
60687,1
60688,3
60689,1
60690,1
60691,1
60692,1
60693,1
60694,1
60695,2
60696,1
60697,1
60698,1
60699,1
60700,3
60701,3
60702,2
60703,1
60704,4
60705,1
60706,3
60707,1
60708,1
60709,1
60710,1
60711,1
60712,1
60713,4
60714,2
60715,2
60716,1
60717,NA
60718,1
60719,1
60720,2
60721,1
60722,1
60723,4
60724,NA
60725,4
60726,1
60727,2
60728,1
60729,1
60730,1
60731,1
60732,2
60733,NA
60734,1
60735,1
60736,1
60737,1
60738,1
60739,2
60740,1
60741,3
60742,1
60743,1
60744,4
60745,3
60746,3
60747,1
60748,3
60749,3
60750,1
60751,1
60752,2
60753,1
60754,1
60755,1
60756,1
60757,1
60758,2
60759,1
60760,1
60761,1
60762,2
60763,4
60764,2
60765,1
60766,1
60767,3
60768,2
60769,1
60770,3
60771,1
60772,1
60773,3
60774,4
60775,1
60776,1
60777,1
60778,1
60779,1
60780,4
60781,1
60782,1
60783,NA
60784,3
60785,1
60786,3
60787,1
60788,1
60789,1
60790,3
60791,1
60792,1
60793,4
60794,1
60795,1
60796,3
60797,2
60798,4
60799,1
60800,1
60801,3
60802,1
60803,1
60804,1
60805,1
60806,3
60807,1
60808,1
60809,2
60810,2
60811,1
60812,1
60813,1
60814,1
60815,2
60816,1
60817,3
60818,1
60819,1
60820,1
60821,3
60822,1
60823,1
60824,1
60825,NA
60826,2
60827,1
60828,1
60829,1
60830,1
60831,2
60832,1
60833,4
60834,1
60835,1
60836,1
60837,3
60838,1
60839,1
60840,1
60841,2
60842,3
60843,1
60844,1
60845,1
60846,1
60847,1
60848,1
60849,1
60850,1
60851,2
60852,4
60853,1
60854,1
60855,2
60856,3
60857,2
60858,3
60859,1
60860,1
60861,4
60862,1
60863,3
60864,1
60865,1
60866,1
60867,1
60868,1
60869,1
60870,NA
60871,1
60872,1
60873,1
60874,1
60875,1
60876,2
60877,1
60878,1
60879,2
60880,2
60881,1
60882,1
60883,2
60884,2
60885,1
60886,3
60887,1
60888,1
60889,4
60890,2
60891,4
60892,1
60893,1
60894,4
60895,1
60896,1
60897,1
60898,1
60899,1
60900,1
60901,1
60902,1
60903,4
60904,2
60905,4
60906,1
60907,1
60908,1
60909,1
60910,1
60911,1
60912,3
60913,1
60914,3
60915,3
60916,1
60917,1
60918,1
60919,3
60920,1
60921,3
60922,1
60923,1
60924,2
60925,4
60926,4
60927,3
60928,2
60929,3
60930,2
60931,1
60932,4
60933,3
60934,1
60935,4
60936,3
60937,4
60938,3
60939,4
60940,1
60941,1
60942,1
60943,3
60944,1
60945,1
60946,3
60947,1
60948,1
60949,1
60950,1
60951,3
60952,1
60953,3
60954,2
60955,1
60956,1
60957,1
60958,1
60959,1
60960,1
60961,1
60962,2
60963,1
60964,1
60965,1
60966,1
60967,3
60968,1
60969,1
60970,1
60971,1
60972,2
60973,3
60974,2
60975,1
60976,1
60977,1
60978,3
60979,3
60980,1
60981,1
60982,1
60983,4
60984,1
60985,2
60986,1
60987,1
60988,3
60989,1
60990,4
60991,2
60992,1
60993,2
60994,3
60995,1
60996,1
60997,1
60998,1
60999,2
61000,3
61001,1
61002,1
61003,1
61004,1
61005,1
61006,1
61007,1
61008,1
61009,1
61010,1
61011,1
61012,1
61013,1
61014,4
61015,1
61016,1
61017,3
61018,3
61019,3
61020,1
61021,1
61022,1
61023,2
61024,4
61025,3
61026,1
61027,1
61028,3
61029,1
61030,1
61031,3
61032,1
61033,2
61034,1
61035,1
61036,3
61037,3
61038,2
61039,1
61040,2
61041,1
61042,1
61043,3
61044,3
61045,1
61046,1
61047,4
61048,1
61049,1
61050,3
61051,1
61052,1
61053,1
61054,2
61055,1
61056,2
61057,1
61058,1
61059,1
61060,4
61061,1
61062,1
61063,3
61064,4
61065,1
61066,1
61067,1
61068,1
61069,1
61070,3
61071,1
61072,4
61073,1
61074,1
61075,3
61076,3
61077,3
61078,1
61079,3
61080,1
61081,1
61082,4
61083,4
61084,1
61085,1
61086,2
61087,2
61088,2
61089,3
61090,2
61091,1
61092,1
61093,2
61094,4
61095,1
61096,3
61097,1
61098,2
61099,1
61100,1
61101,3
61102,1
61103,1
61104,2
61105,1
61106,1
61107,1
61108,1
61109,1
61110,2
61111,1
61112,3
61113,3
61114,1
61115,3
61116,1
61117,1
61118,1
61119,1
61120,1
61121,1
61122,1
61123,1
61124,1
61125,1
61126,1
61127,1
61128,3
61129,4
61130,1
61131,1
61132,1
61133,1
61134,1
61135,2
61136,3
61137,2
61138,1
61139,3
61140,1
61141,1
61142,1
61143,1
61144,1
61145,1
61146,1
61147,1
61148,1
61149,1
61150,1
61151,1
61152,NA
61153,1
61154,3
61155,1
61156,1
61157,1
61158,4
61159,4
61160,1
61161,1
61162,3
61163,NA
61164,1
61165,2
61166,1
61167,1
61168,1
61169,1
61170,1
61171,1
61172,1
61173,1
61174,3
61175,1
61176,2
61177,1
61178,3
61179,1
61180,3
61181,3
61182,3
61183,2
61184,1
61185,1
61186,1
61187,1
61188,1
61189,1
61190,2
61191,3
61192,1
61193,1
61194,1
61195,1
61196,1
61197,3
61198,1
61199,2
61200,1
61201,3
61202,1
61203,NA
61204,1
61205,2
61206,1
61207,2
61208,1
61209,1
61210,1
61211,4
61212,2
61213,1
61214,2
61215,1
61216,1
61217,2
61218,2
61219,3
61220,1
61221,1
61222,NA
61223,3
61224,1
61225,1
61226,1
61227,1
61228,1
61229,1
61230,1
61231,1
61232,4
61233,2
61234,1
61235,4
61236,1
61237,3
61238,1
61239,1
61240,2
61241,4
61242,2
61243,1
61244,1
61245,1
61246,4
61247,1
61248,1
61249,3
61250,2
61251,1
61252,3
61253,1
61254,1
61255,4
61256,1
61257,1
61258,1
61259,1
61260,1
61261,1
61262,2
61263,1
61264,4
61265,1
61266,1
61267,1
61268,2
61269,1
61270,1
61271,1
61272,3
61273,1
61274,2
61275,1
61276,1
61277,1
61278,1
61279,1
61280,3
61281,1
61282,3
61283,2
61284,1
61285,1
61286,1
61287,1
61288,1
61289,2
61290,1
61291,1
61292,4
61293,4
61294,4
61295,3
61296,1
61297,1
61298,1
61299,1
61300,2
61301,2
61302,1
61303,1
61304,1
61305,3
61306,2
61307,2
61308,1
61309,4
61310,1
61311,1
61312,1
61313,1
61314,2
61315,2
61316,4
61317,3
61318,3
61319,3
61320,1
61321,1
61322,3
61323,4
61324,1
61325,1
61326,1
61327,1
61328,1
61329,1
61330,1
61331,1
61332,2
61333,1
61334,3
61335,1
61336,1
61337,3
61338,1
61339,1
61340,1
61341,1
61342,1
61343,1
61344,1
61345,1
61346,1
61347,2
61348,2
61349,1
61350,1
61351,1
61352,2
61353,1
61354,1
61355,1
61356,1
61357,1
61358,3
61359,1
61360,1
61361,1
61362,3
61363,1
61364,1
61365,1
61366,3
61367,3
61368,1
61369,1
61370,3
61371,4
61372,2
61373,1
61374,3
61375,1
61376,1
61377,1
61378,1
61379,1
61380,1
61381,1
61382,2
61383,4
61384,1
61385,NA
61386,3
61387,4
61388,1
61389,3
61390,4
61391,1
61392,2
61393,1
61394,1
61395,2
61396,3
61397,1
61398,1
61399,1
61400,2
61401,1
61402,2
61403,1
61404,1
61405,2
61406,1
61407,1
61408,1
61409,1
61410,1
61411,2
61412,1
61413,3
61414,1
61415,1
61416,1
61417,1
61418,3
61419,1
61420,4
61421,1
61422,4
61423,NA
61424,2
61425,2
61426,1
61427,3
61428,1
61429,3
61430,3
61431,3
61432,1
61433,1
61434,1
61435,1
61436,1
61437,2
61438,2
61439,1
61440,1
61441,3
61442,1
61443,1
61444,3
61445,2
61446,4
61447,1
61448,1
61449,4
61450,1
61451,1
61452,2
61453,3
61454,2
61455,1
61456,NA
61457,3
61458,1
61459,4
61460,3
61461,1
61462,1
61463,4
61464,3
61465,2
61466,2
61467,4
61468,1
61469,2
61470,3
61471,1
61472,3
61473,3
61474,1
61475,2
61476,1
61477,1
61478,1
61479,3
61480,1
61481,1
61482,1
61483,2
61484,3
61485,1
61486,1
61487,1
61488,1
61489,2
61490,1
61491,1
61492,1
61493,2
61494,1
61495,3
61496,1
61497,1
61498,1
61499,1
61500,NA
61501,4
61502,2
61503,3
61504,1
61505,2
61506,3
61507,1
61508,1
61509,1
61510,3
61511,1
61512,2
61513,1
61514,1
61515,1
61516,1
61517,1
61518,1
61519,1
61520,4
61521,1
61522,1
61523,2
61524,1
61525,1
61526,1
61527,1
61528,2
61529,1
61530,1
61531,1
61532,3
61533,1
61534,1
61535,1
61536,1
61537,2
61538,1
61539,1
61540,1
61541,4
61542,1
61543,1
61544,1
61545,1
61546,3
61547,1
61548,1
61549,1
61550,3
61551,1
61552,2
61553,1
61554,2
61555,4
61556,3
61557,1
61558,1
61559,1
61560,1
61561,1
61562,1
61563,4
61564,2
61565,1
61566,3
61567,3
61568,3
61569,1
61570,1
61571,1
61572,3
61573,1
61574,1
61575,1
61576,1
61577,1
61578,1
61579,1
61580,2
61581,1
61582,2
61583,2
61584,3
61585,1
61586,1
61587,1
61588,3
61589,1
61590,1
61591,1
61592,1
61593,1
61594,4
61595,3
61596,3
61597,2
61598,1
61599,1
61600,1
61601,2
61602,1
61603,1
61604,1
61605,1
61606,1
61607,3
61608,1
61609,1
61610,2
61611,2
61612,1
61613,1
61614,4
61615,2
61616,1
61617,1
61618,1
61619,3
61620,2
61621,1
61622,1
61623,3
61624,3
61625,1
61626,1
61627,1
61628,1
61629,1
61630,1
61631,3
61632,4
61633,4
61634,1
61635,1
61636,1
61637,1
61638,3
61639,4
61640,2
61641,1
61642,1
61643,1
61644,1
61645,3
61646,3
61647,1
61648,3
61649,NA
61650,1
61651,2
61652,1
61653,1
61654,1
61655,3
61656,1
61657,1
61658,1
61659,1
61660,1
61661,1
61662,3
61663,1
61664,1
61665,4
61666,1
61667,2
61668,1
61669,1
61670,4
61671,3
61672,1
61673,3
61674,1
61675,1
61676,3
61677,2
61678,2
61679,1
61680,1
61681,1
61682,1
61683,3
61684,1
61685,1
61686,1
61687,1
61688,3
61689,2
61690,2
61691,1
61692,1
61693,1
61694,1
61695,1
61696,1
61697,1
61698,1
61699,3
61700,1
61701,1
61702,1
61703,1
61704,1
61705,2
61706,1
61707,1
61708,1
61709,1
61710,3
61711,1
61712,3
61713,1
61714,3
61715,4
61716,1
61717,1
61718,NA
61719,4
61720,1
61721,3
61722,4
61723,1
61724,1
61725,1
61726,3
61727,1
61728,1
61729,1
61730,1
61731,1
61732,2
61733,3
61734,2
61735,4
61736,1
61737,2
61738,1
61739,1
61740,2
61741,3
61742,3
61743,3
61744,3
61745,1
61746,2
61747,1
61748,3
61749,2
61750,2
61751,2
61752,1
61753,2
61754,3
61755,1
61756,3
61757,4
61758,3
61759,1
61760,1
61761,1
61762,3
61763,3
61764,1
61765,1
61766,3
61767,4
61768,4
61769,3
61770,3
61771,3
61772,1
61773,1
61774,1
61775,3
61776,3
61777,1
61778,2
61779,1
61780,2
61781,1
61782,1
61783,3
61784,4
61785,1
61786,1
61787,1
61788,NA
61789,1
61790,1
61791,1
61792,1
61793,1
61794,2
61795,1
61796,2
61797,3
61798,1
61799,3
61800,2
61801,1
61802,1
61803,1
61804,1
61805,1
61806,1
61807,1
61808,1
61809,1
61810,1
61811,1
61812,1
61813,4
61814,1
61815,1
61816,2
61817,1
61818,1
61819,1
61820,1
61821,3
61822,1
61823,3
61824,3
61825,4
61826,1
61827,3
61828,1
61829,2
61830,1
61831,1
61832,3
61833,1
61834,2
61835,2
61836,3
61837,1
61838,1
61839,1
61840,1
61841,2
61842,3
61843,1
61844,3
61845,1
61846,1
61847,2
61848,1
61849,1
61850,1
61851,1
61852,1
61853,1
61854,1
61855,3
61856,4
61857,1
61858,3
61859,1
61860,1
61861,3
61862,1
61863,1
61864,NA
61865,1
61866,1
61867,1
61868,1
61869,3
61870,1
61871,2
61872,4
61873,4
61874,1
61875,1
61876,1
61877,3
61878,2
61879,1
61880,1
61881,1
61882,3
61883,2
61884,2
61885,2
61886,1
61887,1
61888,1
61889,3
61890,4
61891,1
61892,1
61893,2
61894,1
61895,1
61896,1
61897,3
61898,3
61899,1
61900,1
61901,1
61902,3
61903,1
61904,2
61905,1
61906,1
61907,2
61908,3
61909,4
61910,1
61911,4
61912,1
61913,1
61914,1
61915,3
61916,1
61917,1
61918,1
61919,1
61920,1
61921,1
61922,1
61923,1
61924,2
61925,2
61926,4
61927,1
61928,1
61929,1
61930,4
61931,4
61932,1
61933,1
61934,3
61935,1
61936,2
61937,2
61938,4
61939,1
61940,1
61941,3
61942,NA
61943,1
61944,1
61945,3
61946,3
61947,1
61948,1
61949,1
61950,4
61951,3
61952,1
61953,1
61954,1
61955,1
61956,1
61957,1
61958,1
61959,1
61960,1
61961,3
61962,1
61963,1
61964,1
61965,1
61966,2
61967,1
61968,1
61969,4
61970,1
61971,1
61972,2
61973,1
61974,1
61975,2
61976,1
61977,1
61978,4
61979,2
61980,1
61981,1
61982,1
61983,2
61984,3
61985,1
61986,1
61987,1
61988,1
61989,1
61990,1
61991,4
61992,1
61993,1
61994,1
61995,1
61996,1
61997,NA
61998,1
61999,2
62000,1
62001,2
62002,1
62003,1
62004,1
62005,1
62006,1
62007,1
62008,1
62009,1
62010,3
62011,3
62012,1
62013,1
62014,1
62015,1
62016,3
62017,1
62018,4
62019,1
62020,1
62021,4
62022,3
62023,3
62024,2
62025,2
62026,1
62027,2
62028,1
62029,1
62030,1
62031,1
62032,3
62033,2
62034,4
62035,1
62036,1
62037,1
62038,1
62039,1
62040,1
62041,2
62042,1
62043,4
62044,1
62045,1
62046,1
62047,4
62048,2
62049,1
62050,2
62051,2
62052,2
62053,1
62054,1
62055,1
62056,1
62057,1
62058,1
62059,3
62060,3
62061,1
62062,2
62063,1
62064,1
62065,1
62066,1
62067,1
62068,1
62069,3
62070,1
62071,3
62072,1
62073,1
62074,1
62075,3
62076,1
62077,4
62078,1
62079,2
62080,1
62081,1
62082,1
62083,3
62084,1
62085,1
62086,1
62087,1
62088,1
62089,3
62090,1
62091,2
62092,1
62093,1
62094,3
62095,1
62096,1
62097,1
62098,NA
62099,1
62100,1
62101,1
62102,1
62103,1
62104,1
62105,1
62106,3
62107,1
62108,4
62109,1
62110,1
62111,4
62112,1
62113,3
62114,1
62115,1
62116,3
62117,2
62118,2
62119,1
62120,3
62121,1
62122,1
62123,1
62124,1
62125,1
62126,2
62127,1
62128,1
62129,3
62130,1
62131,2
62132,3
62133,1
62134,1
62135,2
62136,2
62137,4
62138,3
62139,1
62140,1
62141,1
62142,1
62143,1
62144,1
62145,NA
62146,1
62147,1
62148,2
62149,1
62150,1
62151,2
62152,1
62153,1
62154,1
62155,3
62156,3
62157,1
62158,1
62159,1
62160,1
